10240
0 1
1 2
1 3
1 4
2 5
5 6
4 7
3 8
5 9
9 10
1 11
3 12
7 13
13 14
4 15
14 16
16 17
15 18
5 19
4 20
4 21
15 22
20 23
11 24
7 25
13 26
18 27
15 28
18 29
6 30
10 31
8 32
1 33
14 34
33 35
22 36
3 37
6 38
9 39
15 40
3 41
27 42
5 43
26 44
44 45
19 46
18 47
38 48
7 49
19 50
42 51
22 52
23 53
17 54
24 55
23 56
11 57
3 58
19 59
52 60
26 61
42 62
31 63
40 64
6 65
33 66
50 67
33 68
27 69
29 70
20 71
55 72
66 73
68 74
59 75
47 76
67 77
60 78
32 79
6 80
14 81
18 82
64 83
2 84
70 85
67 86
59 87
17 88
43 89
28 90
45 91
13 92
44 93
35 94
24 95
80 96
87 97
27 98
62 99
44 100
14 101
63 102
97 103
71 104
19 105
82 106
30 107
53 108
43 109
79 110
52 111
99 112
15 113
13 114
86 115
77 116
4 117
22 118
85 119
43 120
14 121
92 122
14 123
78 124
29 125
39 126
22 127
106 128
26 129
117 130
30 131
131 132
4 133
122 134
121 135
105 136
54 137
85 138
72 139
61 140
62 141
133 142
128 143
127 144
41 145
13 146
66 147
110 148
80 149
123 150
95 151
82 152
71 153
25 154
46 155
117 156
121 157
27 158
111 159
109 160
115 161
27 162
115 163
131 164
108 165
45 166
160 167
50 168
21 169
153 170
33 171
94 172
24 173
37 174
171 175
15 176
0 177
121 178
134 179
173 180
10 181
135 182
23 183
26 184
178 185
68 186
149 187
153 188
72 189
92 190
146 191
6 192
76 193
40 194
148 195
179 196
61 197
177 198
44 199
118 200
194 201
171 202
20 203
92 204
124 205
163 206
91 207
55 208
38 209
57 210
90 211
55 212
33 213
88 214
96 215
120 216
58 217
45 218
166 219
3 220
103 221
18 222
50 223
2 224
151 225
64 226
23 227
83 228
47 229
198 230
212 231
185 232
205 233
67 234
73 235
8 236
40 237
115 238
130 239
59 240
18 241
111 242
118 243
139 244
190 245
142 246
150 247
77 248
176 249
232 250
66 251
65 252
86 253
224 254
78 255
74 256
239 257
27 258
100 259
220 260
140 261
3 262
7 263
39 264
50 265
193 266
115 267
165 268
137 269
60 270
119 271
142 272
102 273
165 274
255 275
34 276
1 277
74 278
88 279
8 280
26 281
210 282
185 283
179 284
3 285
193 286
200 287
14 288
282 289
252 290
267 291
154 292
86 293
45 294
277 295
100 296
172 297
130 298
84 299
128 300
19 301
260 302
281 303
22 304
157 305
251 306
36 307
127 308
265 309
293 310
178 311
188 312
196 313
105 314
256 315
267 316
192 317
89 318
228 319
264 320
261 321
23 322
296 323
52 324
281 325
216 326
275 327
180 328
56 329
132 330
140 331
8 332
174 333
245 334
176 335
70 336
157 337
76 338
17 339
222 340
244 341
276 342
47 343
5 344
338 345
7 346
114 347
144 348
147 349
135 350
238 351
307 352
317 353
242 354
161 355
198 356
187 357
43 358
13 359
178 360
75 361
360 362
61 363
185 364
255 365
241 366
90 367
177 368
277 369
125 370
80 371
320 372
246 373
160 374
74 375
118 376
28 377
346 378
56 379
11 380
106 381
106 382
69 383
324 384
319 385
31 386
118 387
252 388
220 389
125 390
375 391
236 392
19 393
60 394
145 395
204 396
96 397
17 398
339 399
396 400
65 401
257 402
99 403
176 404
124 405
191 406
141 407
293 408
102 409
199 410
104 411
122 412
79 413
269 414
391 415
398 416
383 417
408 418
384 419
359 420
408 421
84 422
10 423
188 424
140 425
364 426
384 427
368 428
236 429
86 430
224 431
364 432
247 433
324 434
74 435
23 436
362 437
77 438
64 439
412 440
131 441
259 442
107 443
25 444
421 445
282 446
302 447
39 448
223 449
426 450
393 451
431 452
402 453
249 454
312 455
296 456
202 457
120 458
419 459
446 460
151 461
83 462
267 463
403 464
302 465
324 466
381 467
320 468
465 469
163 470
356 471
265 472
263 473
323 474
433 475
254 476
209 477
312 478
329 479
162 480
43 481
30 482
357 483
166 484
318 485
211 486
468 487
330 488
20 489
320 490
134 491
477 492
98 493
408 494
416 495
262 496
293 497
87 498
345 499
412 500
196 501
109 502
350 503
398 504
128 505
55 506
238 507
416 508
313 509
308 510
74 511
386 512
232 513
494 514
122 515
183 516
437 517
146 518
377 519
127 520
3 521
391 522
346 523
481 524
253 525
162 526
137 527
409 528
481 529
208 530
292 531
506 532
267 533
65 534
334 535
336 536
206 537
229 538
67 539
300 540
485 541
310 542
89 543
397 544
251 545
234 546
58 547
223 548
50 549
121 550
437 551
27 552
513 553
456 554
450 555
235 556
247 557
482 558
268 559
80 560
6 561
32 562
258 563
226 564
363 565
369 566
149 567
347 568
23 569
115 570
193 571
352 572
410 573
7 574
279 575
101 576
323 577
458 578
147 579
128 580
498 581
265 582
534 583
402 584
497 585
421 586
35 587
418 588
241 589
28 590
503 591
559 592
484 593
234 594
249 595
369 596
531 597
518 598
522 599
75 600
422 601
78 602
396 603
144 604
38 605
166 606
475 607
207 608
316 609
338 610
467 611
546 612
175 613
591 614
27 615
408 616
56 617
154 618
70 619
543 620
294 621
401 622
80 623
346 624
564 625
558 626
167 627
398 628
307 629
71 630
549 631
452 632
229 633
113 634
206 635
187 636
297 637
301 638
61 639
256 640
38 641
279 642
171 643
232 644
569 645
15 646
191 647
1 648
172 649
447 650
115 651
185 652
251 653
198 654
16 655
196 656
328 657
604 658
327 659
513 660
313 661
155 662
120 663
193 664
130 665
389 666
11 667
373 668
276 669
235 670
305 671
458 672
422 673
418 674
128 675
394 676
311 677
416 678
672 679
232 680
237 681
58 682
677 683
616 684
210 685
9 686
78 687
99 688
8 689
480 690
23 691
63 692
664 693
32 694
564 695
248 696
544 697
220 698
116 699
254 700
149 701
21 702
41 703
642 704
673 705
700 706
415 707
464 708
418 709
93 710
432 711
475 712
123 713
392 714
236 715
77 716
612 717
35 718
80 719
601 720
21 721
397 722
420 723
108 724
31 725
695 726
653 727
476 728
111 729
82 730
142 731
236 732
103 733
215 734
233 735
380 736
59 737
417 738
202 739
699 740
706 741
720 742
0 743
172 744
37 745
275 746
559 747
560 748
261 749
331 750
534 751
348 752
52 753
647 754
315 755
510 756
508 757
537 758
202 759
104 760
218 761
485 762
498 763
240 764
200 765
176 766
375 767
395 768
226 769
141 770
736 771
567 772
581 773
194 774
568 775
321 776
684 777
556 778
41 779
323 780
499 781
27 782
679 783
718 784
472 785
580 786
100 787
768 788
225 789
166 790
617 791
609 792
194 793
203 794
600 795
668 796
28 797
433 798
709 799
453 800
618 801
780 802
263 803
275 804
393 805
86 806
481 807
676 808
396 809
25 810
726 811
252 812
709 813
508 814
399 815
660 816
320 817
47 818
657 819
151 820
494 821
75 822
52 823
148 824
650 825
525 826
687 827
191 828
489 829
368 830
658 831
253 832
0 833
111 834
249 835
335 836
459 837
378 838
430 839
618 840
405 841
468 842
208 843
611 844
443 845
1 846
587 847
418 848
599 849
570 850
741 851
365 852
616 853
157 854
2 855
571 856
127 857
694 858
735 859
482 860
217 861
498 862
752 863
70 864
651 865
275 866
118 867
764 868
792 869
235 870
390 871
632 872
685 873
65 874
541 875
171 876
549 877
298 878
814 879
876 880
741 881
263 882
58 883
825 884
700 885
286 886
703 887
115 888
509 889
646 890
752 891
284 892
476 893
50 894
83 895
54 896
418 897
61 898
718 899
857 900
893 901
484 902
383 903
96 904
870 905
230 906
52 907
16 908
282 909
272 910
51 911
886 912
790 913
912 914
171 915
504 916
642 917
199 918
330 919
472 920
253 921
453 922
299 923
110 924
829 925
186 926
791 927
927 928
686 929
135 930
75 931
382 932
164 933
373 934
20 935
135 936
527 937
65 938
207 939
147 940
543 941
920 942
445 943
308 944
290 945
246 946
611 947
41 948
540 949
761 950
260 951
62 952
148 953
189 954
133 955
546 956
243 957
55 958
866 959
22 960
697 961
667 962
269 963
928 964
775 965
151 966
706 967
392 968
57 969
606 970
114 971
407 972
730 973
207 974
252 975
585 976
34 977
572 978
394 979
385 980
952 981
365 982
732 983
297 984
656 985
102 986
651 987
579 988
735 989
64 990
473 991
655 992
740 993
717 994
636 995
614 996
856 997
641 998
805 999
89 1000
319 1001
542 1002
412 1003
468 1004
9 1005
943 1006
842 1007
891 1008
384 1009
483 1010
70 1011
107 1012
826 1013
91 1014
903 1015
772 1016
209 1017
495 1018
851 1019
654 1020
760 1021
50 1022
918 1023
206 1024
695 1025
495 1026
428 1027
601 1028
915 1029
142 1030
783 1031
797 1032
56 1033
686 1034
778 1035
499 1036
492 1037
977 1038
1027 1039
733 1040
974 1041
63 1042
855 1043
267 1044
364 1045
355 1046
679 1047
965 1048
109 1049
316 1050
306 1051
530 1052
911 1053
792 1054
246 1055
343 1056
663 1057
524 1058
328 1059
320 1060
320 1061
534 1062
60 1063
423 1064
62 1065
572 1066
633 1067
28 1068
262 1069
632 1070
596 1071
498 1072
404 1073
404 1074
363 1075
1026 1076
691 1077
43 1078
166 1079
846 1080
994 1081
671 1082
196 1083
1044 1084
414 1085
816 1086
1074 1087
846 1088
482 1089
151 1090
919 1091
380 1092
720 1093
372 1094
1018 1095
573 1096
194 1097
1060 1098
53 1099
1061 1100
319 1101
340 1102
598 1103
655 1104
954 1105
678 1106
861 1107
339 1108
362 1109
904 1110
741 1111
893 1112
602 1113
1073 1114
226 1115
266 1116
332 1117
564 1118
1025 1119
23 1120
255 1121
968 1122
967 1123
1076 1124
898 1125
305 1126
25 1127
801 1128
949 1129
597 1130
672 1131
365 1132
1044 1133
966 1134
978 1135
728 1136
633 1137
718 1138
418 1139
231 1140
381 1141
806 1142
747 1143
748 1144
699 1145
706 1146
164 1147
447 1148
638 1149
783 1150
394 1151
358 1152
840 1153
837 1154
635 1155
412 1156
872 1157
593 1158
287 1159
793 1160
526 1161
782 1162
722 1163
1045 1164
174 1165
1117 1166
359 1167
258 1168
202 1169
67 1170
275 1171
705 1172
463 1173
601 1174
452 1175
544 1176
439 1177
628 1178
643 1179
1068 1180
389 1181
1078 1182
194 1183
238 1184
1046 1185
972 1186
412 1187
353 1188
642 1189
488 1190
912 1191
23 1192
769 1193
417 1194
748 1195
207 1196
1129 1197
293 1198
418 1199
687 1200
57 1201
334 1202
1003 1203
174 1204
842 1205
840 1206
873 1207
822 1208
261 1209
322 1210
706 1211
400 1212
350 1213
24 1214
37 1215
613 1216
65 1217
755 1218
449 1219
130 1220
240 1221
649 1222
475 1223
48 1224
346 1225
847 1226
411 1227
842 1228
611 1229
1033 1230
202 1231
388 1232
1205 1233
709 1234
766 1235
776 1236
306 1237
72 1238
246 1239
600 1240
636 1241
114 1242
173 1243
348 1244
171 1245
1204 1246
744 1247
1245 1248
952 1249
53 1250
910 1251
1123 1252
16 1253
1050 1254
113 1255
1160 1256
135 1257
397 1258
1132 1259
755 1260
1043 1261
10 1262
835 1263
868 1264
499 1265
226 1266
403 1267
822 1268
448 1269
1100 1270
320 1271
171 1272
935 1273
646 1274
32 1275
139 1276
1065 1277
712 1278
624 1279
236 1280
681 1281
1000 1282
234 1283
285 1284
892 1285
577 1286
148 1287
411 1288
969 1289
258 1290
438 1291
565 1292
1015 1293
44 1294
526 1295
117 1296
868 1297
111 1298
986 1299
257 1300
1130 1301
1261 1302
1260 1303
459 1304
342 1305
1075 1306
689 1307
1253 1308
1178 1309
464 1310
202 1311
612 1312
461 1313
988 1314
1048 1315
380 1316
516 1317
1038 1318
891 1319
261 1320
916 1321
646 1322
1089 1323
1025 1324
555 1325
8 1326
897 1327
410 1328
584 1329
798 1330
615 1331
359 1332
630 1333
1299 1334
415 1335
699 1336
381 1337
1087 1338
138 1339
159 1340
210 1341
253 1342
465 1343
538 1344
627 1345
718 1346
901 1347
1259 1348
321 1349
409 1350
969 1351
145 1352
58 1353
1265 1354
1096 1355
618 1356
1164 1357
323 1358
1193 1359
982 1360
931 1361
1186 1362
416 1363
1300 1364
341 1365
26 1366
497 1367
993 1368
791 1369
642 1370
377 1371
272 1372
754 1373
542 1374
111 1375
1154 1376
405 1377
1090 1378
204 1379
46 1380
455 1381
875 1382
757 1383
661 1384
1030 1385
1043 1386
630 1387
912 1388
316 1389
1210 1390
429 1391
1375 1392
52 1393
972 1394
86 1395
391 1396
415 1397
71 1398
253 1399
176 1400
92 1401
787 1402
862 1403
33 1404
855 1405
1128 1406
1075 1407
912 1408
645 1409
1072 1410
326 1411
469 1412
853 1413
1140 1414
1390 1415
179 1416
469 1417
197 1418
79 1419
260 1420
2 1421
613 1422
586 1423
631 1424
1293 1425
269 1426
856 1427
1068 1428
1321 1429
221 1430
1013 1431
51 1432
343 1433
1180 1434
351 1435
585 1436
514 1437
1414 1438
469 1439
440 1440
1140 1441
403 1442
1145 1443
413 1444
1177 1445
600 1446
712 1447
793 1448
914 1449
919 1450
243 1451
5 1452
470 1453
681 1454
323 1455
1076 1456
1231 1457
1331 1458
1318 1459
1428 1460
1250 1461
43 1462
265 1463
807 1464
897 1465
991 1466
136 1467
972 1468
1375 1469
1430 1470
957 1471
1006 1472
828 1473
1056 1474
574 1475
942 1476
240 1477
32 1478
1379 1479
689 1480
1291 1481
1161 1482
698 1483
4 1484
713 1485
98 1486
256 1487
584 1488
925 1489
732 1490
1002 1491
262 1492
241 1493
1376 1494
198 1495
697 1496
956 1497
1295 1498
518 1499
803 1500
1021 1501
129 1502
501 1503
965 1504
395 1505
568 1506
1271 1507
566 1508
1289 1509
231 1510
1240 1511
424 1512
270 1513
1200 1514
510 1515
812 1516
1072 1517
73 1518
1321 1519
1112 1520
1184 1521
604 1522
1104 1523
958 1524
1510 1525
1376 1526
1197 1527
1243 1528
370 1529
388 1530
65 1531
413 1532
1213 1533
1018 1534
624 1535
1491 1536
954 1537
103 1538
613 1539
1056 1540
283 1541
1385 1542
579 1543
267 1544
1115 1545
768 1546
325 1547
694 1548
1455 1549
133 1550
1031 1551
696 1552
1081 1553
1274 1554
467 1555
1513 1556
1506 1557
1124 1558
1101 1559
706 1560
1215 1561
950 1562
1203 1563
571 1564
1557 1565
185 1566
830 1567
586 1568
835 1569
224 1570
354 1571
1313 1572
793 1573
1163 1574
454 1575
1172 1576
1549 1577
963 1578
509 1579
664 1580
608 1581
382 1582
1399 1583
572 1584
838 1585
1285 1586
1365 1587
803 1588
143 1589
737 1590
887 1591
1050 1592
1098 1593
509 1594
913 1595
1496 1596
622 1597
1217 1598
1459 1599
96 1600
1132 1601
1575 1602
1510 1603
423 1604
392 1605
830 1606
1560 1607
1088 1608
445 1609
1414 1610
1017 1611
797 1612
303 1613
1112 1614
1314 1615
1080 1616
60 1617
526 1618
907 1619
1418 1620
1335 1621
749 1622
1322 1623
799 1624
636 1625
1528 1626
808 1627
1588 1628
489 1629
1611 1630
1351 1631
1127 1632
944 1633
1321 1634
15 1635
330 1636
1134 1637
1170 1638
576 1639
1019 1640
586 1641
497 1642
1461 1643
402 1644
718 1645
1633 1646
463 1647
607 1648
630 1649
1499 1650
465 1651
492 1652
1314 1653
26 1654
111 1655
957 1656
623 1657
771 1658
1556 1659
1328 1660
1305 1661
1443 1662
239 1663
436 1664
490 1665
722 1666
1265 1667
1109 1668
348 1669
936 1670
1391 1671
184 1672
38 1673
472 1674
207 1675
1165 1676
152 1677
671 1678
1094 1679
1543 1680
544 1681
544 1682
381 1683
1117 1684
805 1685
383 1686
746 1687
1208 1688
195 1689
192 1690
191 1691
92 1692
991 1693
760 1694
1251 1695
1371 1696
1685 1697
900 1698
1089 1699
1556 1700
328 1701
811 1702
801 1703
1413 1704
1532 1705
1654 1706
310 1707
1518 1708
603 1709
1566 1710
286 1711
707 1712
1553 1713
1105 1714
1334 1715
1252 1716
710 1717
1122 1718
1401 1719
427 1720
347 1721
1466 1722
169 1723
814 1724
1033 1725
1271 1726
469 1727
1328 1728
893 1729
674 1730
1634 1731
195 1732
214 1733
382 1734
827 1735
1373 1736
30 1737
905 1738
659 1739
820 1740
1668 1741
1130 1742
1698 1743
710 1744
1109 1745
423 1746
1453 1747
953 1748
48 1749
1695 1750
1192 1751
956 1752
533 1753
1739 1754
1048 1755
1120 1756
1605 1757
1510 1758
1229 1759
263 1760
1065 1761
1146 1762
961 1763
635 1764
444 1765
4 1766
1360 1767
1707 1768
1483 1769
1439 1770
644 1771
603 1772
985 1773
979 1774
889 1775
277 1776
997 1777
280 1778
1517 1779
193 1780
1334 1781
1212 1782
1113 1783
1517 1784
165 1785
1075 1786
192 1787
1646 1788
1219 1789
922 1790
77 1791
1332 1792
499 1793
692 1794
1325 1795
1724 1796
645 1797
1619 1798
890 1799
613 1800
245 1801
924 1802
453 1803
804 1804
880 1805
1765 1806
1790 1807
1557 1808
909 1809
1528 1810
893 1811
1243 1812
460 1813
1675 1814
97 1815
1764 1816
1000 1817
1601 1818
1427 1819
1151 1820
1417 1821
1162 1822
398 1823
459 1824
1199 1825
408 1826
1089 1827
173 1828
1414 1829
1755 1830
347 1831
301 1832
987 1833
149 1834
385 1835
1746 1836
1676 1837
541 1838
497 1839
1720 1840
1461 1841
626 1842
1478 1843
1792 1844
385 1845
1784 1846
1660 1847
1659 1848
403 1849
505 1850
249 1851
1255 1852
2 1853
1762 1854
329 1855
671 1856
1605 1857
1823 1858
1835 1859
1334 1860
1511 1861
799 1862
77 1863
504 1864
1238 1865
1068 1866
1657 1867
1805 1868
1618 1869
1537 1870
856 1871
1619 1872
249 1873
980 1874
185 1875
823 1876
545 1877
507 1878
928 1879
1287 1880
1257 1881
1157 1882
1836 1883
23 1884
125 1885
659 1886
744 1887
1030 1888
1097 1889
609 1890
20 1891
16 1892
1613 1893
1242 1894
166 1895
1858 1896
396 1897
1163 1898
1444 1899
558 1900
880 1901
719 1902
1670 1903
1642 1904
1151 1905
12 1906
1189 1907
1600 1908
62 1909
1500 1910
802 1911
1732 1912
1876 1913
1424 1914
1181 1915
1642 1916
1219 1917
1836 1918
1749 1919
594 1920
1081 1921
814 1922
1483 1923
710 1924
1400 1925
3 1926
979 1927
831 1928
1206 1929
1677 1930
1685 1931
852 1932
891 1933
1072 1934
211 1935
1793 1936
511 1937
650 1938
903 1939
1832 1940
547 1941
628 1942
1370 1943
1318 1944
1809 1945
1204 1946
607 1947
20 1948
1807 1949
146 1950
576 1951
536 1952
192 1953
1749 1954
776 1955
72 1956
144 1957
341 1958
1651 1959
1227 1960
829 1961
1532 1962
1677 1963
1168 1964
1859 1965
1911 1966
1497 1967
1116 1968
583 1969
1201 1970
1634 1971
1266 1972
1711 1973
1251 1974
1962 1975
561 1976
1104 1977
335 1978
1821 1979
1510 1980
1750 1981
1013 1982
58 1983
621 1984
1659 1985
22 1986
984 1987
507 1988
389 1989
550 1990
206 1991
522 1992
876 1993
1623 1994
51 1995
401 1996
244 1997
790 1998
934 1999
1870 2000
321 2001
142 2002
317 2003
1071 2004
1928 2005
1727 2006
1637 2007
1145 2008
1729 2009
1407 2010
1793 2011
1832 2012
339 2013
355 2014
147 2015
131 2016
716 2017
1043 2018
1366 2019
651 2020
930 2021
1105 2022
995 2023
1920 2024
1953 2025
1176 2026
1498 2027
236 2028
968 2029
998 2030
575 2031
1565 2032
1732 2033
1188 2034
1053 2035
758 2036
1011 2037
89 2038
999 2039
1074 2040
589 2041
1759 2042
336 2043
748 2044
557 2045
1846 2046
669 2047
796 2048
274 2049
129 2050
1281 2051
210 2052
1563 2053
241 2054
1599 2055
1832 2056
891 2057
632 2058
1177 2059
1992 2060
748 2061
506 2062
620 2063
811 2064
1430 2065
869 2066
2050 2067
707 2068
1400 2069
612 2070
517 2071
415 2072
1232 2073
199 2074
48 2075
820 2076
778 2077
931 2078
1476 2079
1701 2080
1122 2081
2024 2082
1452 2083
1486 2084
484 2085
364 2086
1568 2087
648 2088
1432 2089
1618 2090
1719 2091
1573 2092
1792 2093
1333 2094
1346 2095
478 2096
326 2097
1559 2098
935 2099
1531 2100
1627 2101
800 2102
1611 2103
206 2104
103 2105
1211 2106
1697 2107
968 2108
2024 2109
76 2110
1229 2111
281 2112
1852 2113
1330 2114
581 2115
807 2116
1552 2117
670 2118
1483 2119
466 2120
1834 2121
583 2122
1306 2123
112 2124
233 2125
1092 2126
183 2127
1096 2128
493 2129
1050 2130
1809 2131
57 2132
1988 2133
1616 2134
1765 2135
1057 2136
1341 2137
392 2138
1015 2139
983 2140
350 2141
2049 2142
404 2143
1407 2144
302 2145
600 2146
1221 2147
652 2148
634 2149
376 2150
713 2151
1548 2152
810 2153
839 2154
2141 2155
1280 2156
843 2157
949 2158
733 2159
1006 2160
624 2161
1777 2162
937 2163
1998 2164
2059 2165
1785 2166
315 2167
1445 2168
1155 2169
928 2170
279 2171
905 2172
512 2173
991 2174
952 2175
1130 2176
1563 2177
500 2178
1223 2179
145 2180
713 2181
666 2182
1879 2183
2064 2184
336 2185
1234 2186
846 2187
957 2188
1112 2189
1266 2190
2068 2191
117 2192
1928 2193
1543 2194
1870 2195
461 2196
342 2197
866 2198
1410 2199
711 2200
428 2201
1746 2202
1662 2203
811 2204
2159 2205
2067 2206
993 2207
688 2208
1763 2209
1196 2210
737 2211
915 2212
1906 2213
36 2214
1939 2215
2187 2216
1194 2217
1045 2218
776 2219
2040 2220
1403 2221
1928 2222
87 2223
831 2224
1715 2225
2015 2226
757 2227
170 2228
1183 2229
2167 2230
2214 2231
1945 2232
1774 2233
462 2234
1063 2235
64 2236
1727 2237
1780 2238
440 2239
1955 2240
1537 2241
1553 2242
1155 2243
1421 2244
321 2245
1662 2246
1633 2247
1009 2248
101 2249
1234 2250
2135 2251
857 2252
1048 2253
432 2254
4 2255
1937 2256
975 2257
1403 2258
2103 2259
2062 2260
193 2261
801 2262
499 2263
1832 2264
737 2265
872 2266
2098 2267
749 2268
337 2269
67 2270
2140 2271
1593 2272
756 2273
45 2274
151 2275
1380 2276
1790 2277
170 2278
1233 2279
1598 2280
1168 2281
231 2282
1444 2283
1755 2284
1008 2285
345 2286
893 2287
1726 2288
1718 2289
927 2290
2119 2291
2116 2292
641 2293
793 2294
299 2295
72 2296
844 2297
1984 2298
1809 2299
305 2300
1170 2301
470 2302
670 2303
2148 2304
1953 2305
938 2306
1587 2307
614 2308
325 2309
1506 2310
1366 2311
830 2312
1439 2313
19 2314
1552 2315
438 2316
61 2317
1590 2318
1996 2319
476 2320
2088 2321
495 2322
1676 2323
165 2324
2149 2325
1465 2326
212 2327
1341 2328
947 2329
1986 2330
308 2331
464 2332
860 2333
575 2334
2314 2335
1497 2336
470 2337
1199 2338
1625 2339
2098 2340
897 2341
1338 2342
2117 2343
621 2344
50 2345
364 2346
1738 2347
1602 2348
1030 2349
1913 2350
253 2351
606 2352
1880 2353
1305 2354
175 2355
2028 2356
845 2357
674 2358
1309 2359
2002 2360
1564 2361
1567 2362
2330 2363
1447 2364
1636 2365
145 2366
898 2367
844 2368
1263 2369
1706 2370
435 2371
214 2372
1411 2373
958 2374
649 2375
615 2376
598 2377
158 2378
2165 2379
1124 2380
978 2381
1710 2382
1307 2383
1047 2384
453 2385
1788 2386
276 2387
977 2388
1745 2389
1817 2390
2321 2391
1957 2392
952 2393
2040 2394
2102 2395
2021 2396
1847 2397
964 2398
1625 2399
753 2400
1872 2401
227 2402
1390 2403
498 2404
1220 2405
1532 2406
389 2407
1176 2408
1751 2409
503 2410
1338 2411
1684 2412
1444 2413
1600 2414
1485 2415
2061 2416
2342 2417
153 2418
2320 2419
1713 2420
402 2421
1969 2422
1756 2423
2417 2424
2185 2425
471 2426
1702 2427
1875 2428
686 2429
2066 2430
201 2431
636 2432
1915 2433
170 2434
222 2435
1802 2436
9 2437
2002 2438
1080 2439
1587 2440
1137 2441
12 2442
1896 2443
349 2444
440 2445
2411 2446
1896 2447
98 2448
11 2449
1863 2450
1516 2451
1736 2452
1255 2453
2204 2454
837 2455
2049 2456
907 2457
1225 2458
426 2459
868 2460
2014 2461
59 2462
1310 2463
929 2464
720 2465
1241 2466
1212 2467
1119 2468
337 2469
686 2470
1905 2471
2358 2472
760 2473
1515 2474
1211 2475
1775 2476
1912 2477
389 2478
1572 2479
204 2480
2386 2481
156 2482
1516 2483
1888 2484
1686 2485
408 2486
1180 2487
1419 2488
633 2489
2459 2490
94 2491
876 2492
2366 2493
334 2494
2263 2495
340 2496
720 2497
473 2498
1161 2499
1009 2500
983 2501
913 2502
1632 2503
3 2504
431 2505
254 2506
2447 2507
574 2508
1359 2509
1276 2510
2014 2511
1149 2512
321 2513
908 2514
1464 2515
1359 2516
2060 2517
742 2518
558 2519
201 2520
2262 2521
684 2522
1472 2523
1936 2524
515 2525
1716 2526
1695 2527
2153 2528
2268 2529
1427 2530
1019 2531
2463 2532
722 2533
2249 2534
2183 2535
1671 2536
1011 2537
2314 2538
1322 2539
771 2540
2269 2541
661 2542
581 2543
1114 2544
224 2545
775 2546
609 2547
1345 2548
2172 2549
2181 2550
2483 2551
1072 2552
262 2553
1118 2554
1818 2555
607 2556
1168 2557
2212 2558
738 2559
1075 2560
749 2561
1209 2562
1245 2563
2269 2564
356 2565
1646 2566
1184 2567
678 2568
93 2569
1759 2570
1420 2571
2330 2572
566 2573
493 2574
847 2575
1063 2576
2245 2577
1104 2578
2136 2579
1849 2580
1383 2581
248 2582
269 2583
1052 2584
822 2585
2381 2586
609 2587
990 2588
530 2589
1606 2590
1940 2591
1448 2592
999 2593
1369 2594
1256 2595
327 2596
1058 2597
507 2598
1093 2599
2524 2600
233 2601
1073 2602
2011 2603
186 2604
1157 2605
773 2606
287 2607
1400 2608
1222 2609
2 2610
1222 2611
1823 2612
1010 2613
654 2614
1464 2615
2257 2616
1879 2617
1411 2618
675 2619
840 2620
1113 2621
395 2622
1455 2623
1850 2624
1808 2625
1951 2626
1541 2627
2226 2628
196 2629
541 2630
1076 2631
13 2632
2030 2633
1662 2634
2232 2635
1979 2636
364 2637
997 2638
145 2639
1473 2640
1180 2641
2046 2642
1891 2643
1412 2644
1266 2645
1705 2646
1022 2647
1347 2648
2092 2649
769 2650
488 2651
777 2652
2422 2653
200 2654
2258 2655
510 2656
2321 2657
479 2658
570 2659
538 2660
241 2661
1670 2662
478 2663
13 2664
1642 2665
77 2666
1152 2667
2286 2668
1890 2669
1534 2670
2385 2671
533 2672
1727 2673
1316 2674
1672 2675
1647 2676
1580 2677
1030 2678
2140 2679
1486 2680
70 2681
431 2682
1333 2683
894 2684
855 2685
711 2686
2515 2687
2056 2688
2469 2689
2368 2690
679 2691
322 2692
58 2693
2343 2694
1125 2695
1960 2696
1398 2697
1793 2698
1088 2699
2166 2700
1508 2701
571 2702
2298 2703
1482 2704
1067 2705
356 2706
718 2707
1208 2708
125 2709
2396 2710
712 2711
2526 2712
1915 2713
673 2714
231 2715
2002 2716
2089 2717
2427 2718
138 2719
557 2720
1917 2721
331 2722
2215 2723
2518 2724
1129 2725
1041 2726
1722 2727
1210 2728
2255 2729
2318 2730
19 2731
151 2732
1184 2733
576 2734
251 2735
579 2736
79 2737
2570 2738
2361 2739
1888 2740
2261 2741
345 2742
1211 2743
94 2744
439 2745
136 2746
1860 2747
1818 2748
2448 2749
105 2750
1853 2751
63 2752
1503 2753
1735 2754
2148 2755
102 2756
2023 2757
2401 2758
706 2759
246 2760
835 2761
416 2762
1679 2763
118 2764
255 2765
1454 2766
1459 2767
1811 2768
604 2769
1979 2770
951 2771
1499 2772
619 2773
2220 2774
1062 2775
788 2776
2244 2777
874 2778
2720 2779
1781 2780
119 2781
163 2782
405 2783
690 2784
620 2785
2724 2786
1799 2787
508 2788
893 2789
14 2790
804 2791
450 2792
2254 2793
1935 2794
936 2795
1910 2796
92 2797
2406 2798
147 2799
1839 2800
595 2801
565 2802
2414 2803
1167 2804
1592 2805
2310 2806
840 2807
882 2808
150 2809
2023 2810
1924 2811
1580 2812
858 2813
160 2814
1955 2815
892 2816
2074 2817
942 2818
785 2819
2213 2820
104 2821
320 2822
1434 2823
664 2824
1941 2825
1401 2826
2086 2827
1876 2828
2740 2829
1610 2830
1274 2831
124 2832
2824 2833
2418 2834
1248 2835
1839 2836
741 2837
1507 2838
2219 2839
1694 2840
1385 2841
1346 2842
365 2843
2553 2844
2385 2845
1303 2846
1698 2847
720 2848
41 2849
2021 2850
2158 2851
2515 2852
1663 2853
1851 2854
1144 2855
342 2856
1894 2857
49 2858
239 2859
2351 2860
2287 2861
397 2862
2277 2863
876 2864
480 2865
1843 2866
901 2867
1384 2868
695 2869
2386 2870
2143 2871
482 2872
1645 2873
449 2874
1283 2875
499 2876
2361 2877
696 2878
597 2879
1058 2880
2367 2881
1536 2882
2680 2883
625 2884
321 2885
2156 2886
855 2887
886 2888
2370 2889
1621 2890
2681 2891
1367 2892
1919 2893
2654 2894
909 2895
1636 2896
319 2897
1214 2898
1428 2899
2208 2900
1327 2901
2084 2902
2309 2903
459 2904
2249 2905
2746 2906
2044 2907
2515 2908
2777 2909
330 2910
1853 2911
2341 2912
2158 2913
2058 2914
2640 2915
2752 2916
703 2917
204 2918
1797 2919
1485 2920
1597 2921
567 2922
2572 2923
233 2924
861 2925
1910 2926
835 2927
1640 2928
2860 2929
1833 2930
918 2931
455 2932
1881 2933
1047 2934
187 2935
2469 2936
530 2937
2426 2938
2071 2939
2388 2940
964 2941
174 2942
2893 2943
399 2944
2707 2945
1254 2946
1073 2947
2343 2948
2371 2949
98 2950
463 2951
863 2952
368 2953
2270 2954
1416 2955
2001 2956
2687 2957
2589 2958
587 2959
1484 2960
1211 2961
648 2962
915 2963
239 2964
2856 2965
1860 2966
2028 2967
284 2968
2770 2969
2399 2970
2756 2971
2871 2972
2589 2973
467 2974
2192 2975
242 2976
2568 2977
1096 2978
2102 2979
510 2980
335 2981
1121 2982
274 2983
2720 2984
362 2985
964 2986
727 2987
2805 2988
2179 2989
2260 2990
2646 2991
2516 2992
99 2993
1914 2994
481 2995
1722 2996
2825 2997
1078 2998
912 2999
1260 3000
640 3001
2727 3002
934 3003
1366 3004
1908 3005
2643 3006
1570 3007
2659 3008
777 3009
2674 3010
2858 3011
894 3012
867 3013
455 3014
1382 3015
380 3016
1483 3017
2709 3018
25 3019
1395 3020
1040 3021
1662 3022
2059 3023
2035 3024
1745 3025
1794 3026
2350 3027
2408 3028
1795 3029
963 3030
340 3031
1625 3032
378 3033
1423 3034
2503 3035
2256 3036
615 3037
2629 3038
2553 3039
470 3040
2548 3041
1708 3042
483 3043
1651 3044
1967 3045
333 3046
2399 3047
526 3048
2022 3049
14 3050
1664 3051
503 3052
2217 3053
2315 3054
2128 3055
863 3056
2467 3057
455 3058
562 3059
564 3060
2344 3061
2932 3062
984 3063
263 3064
1751 3065
2331 3066
1622 3067
1078 3068
2892 3069
2364 3070
471 3071
319 3072
758 3073
380 3074
1998 3075
1267 3076
2536 3077
1212 3078
423 3079
1332 3080
22 3081
2785 3082
2377 3083
1144 3084
2903 3085
796 3086
832 3087
2394 3088
961 3089
2365 3090
1916 3091
350 3092
30 3093
1824 3094
2480 3095
897 3096
1801 3097
2449 3098
192 3099
167 3100
103 3101
3048 3102
1888 3103
2066 3104
2883 3105
1959 3106
1256 3107
2196 3108
2600 3109
1844 3110
848 3111
281 3112
1012 3113
2288 3114
1107 3115
1942 3116
1485 3117
2161 3118
328 3119
682 3120
257 3121
984 3122
331 3123
27 3124
2999 3125
2728 3126
1038 3127
3077 3128
1549 3129
2325 3130
2381 3131
2824 3132
1748 3133
2772 3134
2821 3135
67 3136
1410 3137
1352 3138
1335 3139
934 3140
2196 3141
25 3142
2805 3143
1288 3144
2779 3145
2274 3146
1661 3147
722 3148
759 3149
1873 3150
2622 3151
209 3152
1852 3153
14 3154
2190 3155
895 3156
2272 3157
740 3158
772 3159
93 3160
1893 3161
1819 3162
641 3163
2000 3164
441 3165
468 3166
11 3167
1734 3168
2611 3169
1375 3170
826 3171
788 3172
2650 3173
2846 3174
441 3175
1351 3176
487 3177
2063 3178
2209 3179
451 3180
11 3181
2739 3182
1426 3183
1812 3184
1567 3185
2544 3186
333 3187
1484 3188
1158 3189
2465 3190
2120 3191
1751 3192
2906 3193
2897 3194
994 3195
1679 3196
1255 3197
787 3198
2340 3199
1551 3200
1690 3201
2290 3202
2844 3203
342 3204
2679 3205
537 3206
2543 3207
1368 3208
2187 3209
1721 3210
1125 3211
2186 3212
379 3213
1816 3214
2691 3215
919 3216
802 3217
159 3218
2989 3219
1828 3220
2366 3221
2308 3222
2407 3223
293 3224
1315 3225
2825 3226
62 3227
3130 3228
2904 3229
2654 3230
2765 3231
209 3232
1533 3233
3023 3234
2359 3235
1749 3236
2296 3237
1554 3238
1712 3239
2264 3240
740 3241
1140 3242
257 3243
2230 3244
2831 3245
1689 3246
1179 3247
1918 3248
2771 3249
458 3250
611 3251
2279 3252
2957 3253
3143 3254
999 3255
1068 3256
453 3257
2988 3258
407 3259
1600 3260
2200 3261
12 3262
2885 3263
962 3264
2105 3265
88 3266
836 3267
1672 3268
2607 3269
2355 3270
2261 3271
1651 3272
2060 3273
3085 3274
634 3275
2343 3276
3275 3277
2532 3278
2725 3279
2749 3280
517 3281
2413 3282
2203 3283
1907 3284
2876 3285
2789 3286
600 3287
2328 3288
537 3289
1017 3290
458 3291
1998 3292
465 3293
792 3294
2738 3295
2452 3296
938 3297
132 3298
651 3299
720 3300
1164 3301
3262 3302
1879 3303
3213 3304
324 3305
2291 3306
2115 3307
86 3308
1472 3309
2379 3310
1122 3311
1064 3312
783 3313
2076 3314
1148 3315
1099 3316
2416 3317
1434 3318
2835 3319
381 3320
3272 3321
2091 3322
122 3323
3007 3324
3060 3325
1084 3326
1224 3327
892 3328
491 3329
1633 3330
750 3331
1248 3332
537 3333
3077 3334
1765 3335
3290 3336
2202 3337
919 3338
869 3339
2274 3340
2403 3341
2675 3342
940 3343
2691 3344
494 3345
1001 3346
854 3347
1368 3348
2550 3349
2913 3350
405 3351
2807 3352
2642 3353
663 3354
2069 3355
359 3356
2953 3357
305 3358
2602 3359
3311 3360
284 3361
1429 3362
1984 3363
1924 3364
2725 3365
2122 3366
2105 3367
70 3368
1172 3369
3331 3370
1079 3371
2496 3372
102 3373
503 3374
3079 3375
82 3376
1237 3377
246 3378
3091 3379
3256 3380
1613 3381
1832 3382
2487 3383
842 3384
1471 3385
1280 3386
2783 3387
1263 3388
1130 3389
1093 3390
2343 3391
1567 3392
2822 3393
2875 3394
1537 3395
2717 3396
2015 3397
1873 3398
1251 3399
637 3400
3071 3401
1155 3402
653 3403
2351 3404
2701 3405
3094 3406
1569 3407
1032 3408
1304 3409
3148 3410
3235 3411
1079 3412
2982 3413
1671 3414
845 3415
921 3416
1107 3417
1031 3418
707 3419
1022 3420
775 3421
737 3422
3418 3423
1825 3424
424 3425
2255 3426
2241 3427
2238 3428
658 3429
264 3430
1581 3431
2466 3432
876 3433
261 3434
1720 3435
1895 3436
458 3437
2861 3438
1540 3439
763 3440
1308 3441
2400 3442
1656 3443
1728 3444
1028 3445
3030 3446
1091 3447
2602 3448
1799 3449
1991 3450
1715 3451
2720 3452
314 3453
2584 3454
1613 3455
3081 3456
2740 3457
2521 3458
3138 3459
1983 3460
2360 3461
2991 3462
1767 3463
2467 3464
1594 3465
3024 3466
1533 3467
1297 3468
564 3469
1610 3470
3407 3471
1725 3472
2922 3473
263 3474
1516 3475
1039 3476
425 3477
2134 3478
1396 3479
87 3480
3181 3481
1817 3482
2123 3483
1342 3484
740 3485
1798 3486
3430 3487
2219 3488
2762 3489
2438 3490
190 3491
2685 3492
2396 3493
1736 3494
818 3495
3330 3496
3205 3497
2841 3498
3060 3499
1324 3500
97 3501
2154 3502
596 3503
1139 3504
646 3505
1715 3506
2994 3507
2729 3508
2857 3509
1986 3510
286 3511
1550 3512
128 3513
1101 3514
1933 3515
408 3516
1135 3517
393 3518
3384 3519
1370 3520
1682 3521
674 3522
1834 3523
1776 3524
1520 3525
2411 3526
1595 3527
3029 3528
706 3529
1251 3530
3026 3531
437 3532
1141 3533
1982 3534
1243 3535
338 3536
1916 3537
1890 3538
696 3539
1513 3540
1417 3541
1415 3542
3167 3543
1497 3544
912 3545
2745 3546
2817 3547
2825 3548
1044 3549
1893 3550
42 3551
2764 3552
3177 3553
2069 3554
2756 3555
3071 3556
2498 3557
723 3558
2016 3559
2910 3560
20 3561
2708 3562
2306 3563
1987 3564
587 3565
3348 3566
145 3567
604 3568
1276 3569
1910 3570
1981 3571
935 3572
1667 3573
105 3574
2035 3575
885 3576
2978 3577
2666 3578
984 3579
2509 3580
22 3581
1008 3582
1218 3583
2100 3584
1931 3585
3008 3586
970 3587
1074 3588
705 3589
3293 3590
3471 3591
834 3592
498 3593
2730 3594
1779 3595
1134 3596
1783 3597
2053 3598
3331 3599
438 3600
1052 3601
3566 3602
2098 3603
152 3604
2475 3605
1438 3606
2368 3607
1294 3608
1955 3609
2234 3610
3484 3611
849 3612
759 3613
3427 3614
1953 3615
1317 3616
3362 3617
3187 3618
3219 3619
1725 3620
738 3621
487 3622
2819 3623
269 3624
2732 3625
2107 3626
467 3627
3315 3628
2372 3629
1154 3630
1084 3631
3460 3632
485 3633
3539 3634
2800 3635
196 3636
1827 3637
3413 3638
1202 3639
1560 3640
863 3641
2572 3642
681 3643
3484 3644
2064 3645
2173 3646
2901 3647
3252 3648
1818 3649
3146 3650
303 3651
1249 3652
3360 3653
1238 3654
2689 3655
2579 3656
2069 3657
963 3658
3193 3659
293 3660
3459 3661
3577 3662
2051 3663
874 3664
752 3665
3364 3666
2822 3667
2069 3668
1350 3669
2054 3670
840 3671
2975 3672
356 3673
2702 3674
1234 3675
278 3676
3345 3677
2559 3678
2402 3679
2774 3680
1088 3681
1848 3682
356 3683
1766 3684
1314 3685
1880 3686
2259 3687
3480 3688
1213 3689
3463 3690
1814 3691
1709 3692
3142 3693
2105 3694
2828 3695
3691 3696
2423 3697
3647 3698
811 3699
697 3700
2187 3701
853 3702
2439 3703
2127 3704
3099 3705
2554 3706
71 3707
3300 3708
543 3709
225 3710
981 3711
3453 3712
2600 3713
2421 3714
3513 3715
167 3716
1035 3717
2108 3718
1470 3719
344 3720
3392 3721
2563 3722
3352 3723
2786 3724
2792 3725
3611 3726
3220 3727
3357 3728
3510 3729
1496 3730
382 3731
2680 3732
803 3733
62 3734
1414 3735
628 3736
736 3737
2220 3738
403 3739
3081 3740
1732 3741
1716 3742
793 3743
3038 3744
3300 3745
1237 3746
429 3747
2036 3748
2001 3749
3061 3750
387 3751
2582 3752
2822 3753
473 3754
1121 3755
2904 3756
1053 3757
3371 3758
1613 3759
3746 3760
1437 3761
2319 3762
2076 3763
2429 3764
1136 3765
2721 3766
303 3767
418 3768
1113 3769
526 3770
1313 3771
1074 3772
1894 3773
2167 3774
3377 3775
2477 3776
974 3777
687 3778
1559 3779
2846 3780
2206 3781
704 3782
1528 3783
728 3784
2837 3785
2056 3786
134 3787
740 3788
2191 3789
3020 3790
1046 3791
912 3792
3538 3793
403 3794
1145 3795
2804 3796
425 3797
2736 3798
1137 3799
1596 3800
1114 3801
2047 3802
1439 3803
3130 3804
3120 3805
474 3806
2415 3807
798 3808
1795 3809
3473 3810
1026 3811
3256 3812
1295 3813
1486 3814
3700 3815
1448 3816
2112 3817
128 3818
339 3819
1829 3820
544 3821
1799 3822
2821 3823
3545 3824
266 3825
2748 3826
1827 3827
206 3828
551 3829
2035 3830
130 3831
2544 3832
165 3833
1274 3834
3186 3835
285 3836
946 3837
1770 3838
1745 3839
1125 3840
2118 3841
2901 3842
1283 3843
3394 3844
440 3845
733 3846
716 3847
1900 3848
2106 3849
714 3850
3471 3851
844 3852
3441 3853
34 3854
1158 3855
1571 3856
2721 3857
1656 3858
1665 3859
1722 3860
2138 3861
2950 3862
1496 3863
3576 3864
1458 3865
789 3866
3089 3867
2872 3868
2661 3869
332 3870
1040 3871
3765 3872
3720 3873
1095 3874
1835 3875
3097 3876
3109 3877
2893 3878
482 3879
814 3880
2238 3881
2412 3882
1303 3883
844 3884
2856 3885
3378 3886
3554 3887
192 3888
336 3889
2024 3890
3735 3891
1757 3892
2605 3893
2277 3894
672 3895
73 3896
1498 3897
544 3898
737 3899
2135 3900
1053 3901
2539 3902
1795 3903
3460 3904
3771 3905
800 3906
3372 3907
3700 3908
634 3909
869 3910
762 3911
1083 3912
281 3913
2740 3914
2023 3915
1918 3916
2479 3917
1886 3918
548 3919
3605 3920
448 3921
1462 3922
1540 3923
634 3924
225 3925
2690 3926
1384 3927
1343 3928
145 3929
2065 3930
801 3931
316 3932
2804 3933
929 3934
2807 3935
2341 3936
1569 3937
918 3938
949 3939
696 3940
2688 3941
2790 3942
1703 3943
896 3944
1517 3945
1573 3946
2181 3947
3745 3948
292 3949
2112 3950
3063 3951
3478 3952
613 3953
2952 3954
3698 3955
1953 3956
2222 3957
3779 3958
1839 3959
526 3960
2060 3961
3906 3962
2212 3963
981 3964
2574 3965
472 3966
1035 3967
1131 3968
1624 3969
2919 3970
3088 3971
3360 3972
17 3973
1453 3974
1330 3975
679 3976
2408 3977
1695 3978
1017 3979
1309 3980
2935 3981
2389 3982
3089 3983
3591 3984
795 3985
3860 3986
2958 3987
2599 3988
2762 3989
2044 3990
2719 3991
858 3992
3802 3993
530 3994
593 3995
1838 3996
3178 3997
568 3998
2527 3999
587 4000
3399 4001
1024 4002
3218 4003
2932 4004
2012 4005
1291 4006
2450 4007
3373 4008
1788 4009
1254 4010
304 4011
2819 4012
74 4013
1218 4014
1630 4015
1515 4016
3008 4017
1295 4018
3807 4019
187 4020
2791 4021
1615 4022
1454 4023
3791 4024
36 4025
1693 4026
3802 4027
3406 4028
3648 4029
2594 4030
2910 4031
1594 4032
2548 4033
2317 4034
2218 4035
1181 4036
371 4037
2934 4038
1841 4039
3373 4040
2689 4041
232 4042
2275 4043
410 4044
2898 4045
3020 4046
2161 4047
88 4048
1117 4049
230 4050
2597 4051
2718 4052
249 4053
44 4054
1615 4055
265 4056
1717 4057
2942 4058
2509 4059
3409 4060
1797 4061
1552 4062
1301 4063
3946 4064
1461 4065
3020 4066
1731 4067
415 4068
665 4069
3440 4070
1339 4071
2997 4072
1383 4073
747 4074
3835 4075
1554 4076
1722 4077
847 4078
603 4079
513 4080
1477 4081
3036 4082
2828 4083
1799 4084
2877 4085
2898 4086
3072 4087
1380 4088
1727 4089
1261 4090
3374 4091
1720 4092
1173 4093
192 4094
2564 4095
1697 4096
720 4097
2608 4098
2895 4099
3096 4100
634 4101
916 4102
3180 4103
416 4104
629 4105
1372 4106
609 4107
3432 4108
2854 4109
376 4110
1458 4111
1337 4112
971 4113
2307 4114
4004 4115
3398 4116
1021 4117
3193 4118
2429 4119
3867 4120
726 4121
1646 4122
554 4123
2074 4124
1974 4125
3065 4126
508 4127
1568 4128
3413 4129
403 4130
3334 4131
3662 4132
2643 4133
2126 4134
3167 4135
3297 4136
573 4137
4044 4138
2116 4139
1708 4140
469 4141
2338 4142
53 4143
1958 4144
60 4145
555 4146
2185 4147
3708 4148
2656 4149
2641 4150
839 4151
3756 4152
2541 4153
3030 4154
2933 4155
2856 4156
3763 4157
1246 4158
640 4159
2766 4160
328 4161
1751 4162
3819 4163
941 4164
600 4165
792 4166
528 4167
1094 4168
1392 4169
3241 4170
3446 4171
3196 4172
3921 4173
1909 4174
1819 4175
2298 4176
3281 4177
614 4178
2771 4179
3488 4180
60 4181
559 4182
1471 4183
233 4184
928 4185
3845 4186
1375 4187
1808 4188
2721 4189
2370 4190
390 4191
2797 4192
2841 4193
2037 4194
2216 4195
1256 4196
1041 4197
2256 4198
3401 4199
993 4200
3270 4201
1195 4202
1253 4203
2470 4204
328 4205
3870 4206
970 4207
3898 4208
3810 4209
2345 4210
1401 4211
2363 4212
564 4213
2636 4214
4203 4215
440 4216
1195 4217
2601 4218
3435 4219
3593 4220
728 4221
163 4222
1178 4223
1363 4224
2531 4225
4203 4226
3161 4227
2039 4228
1137 4229
1956 4230
905 4231
1407 4232
2974 4233
3932 4234
630 4235
106 4236
1314 4237
3337 4238
2081 4239
3738 4240
2659 4241
3997 4242
872 4243
40 4244
602 4245
438 4246
2059 4247
507 4248
1359 4249
2258 4250
2532 4251
4141 4252
4128 4253
1614 4254
3577 4255
3795 4256
2754 4257
1215 4258
997 4259
2131 4260
2161 4261
116 4262
1808 4263
3973 4264
2911 4265
796 4266
3486 4267
2307 4268
1986 4269
1871 4270
1703 4271
3726 4272
148 4273
3447 4274
2805 4275
4263 4276
3594 4277
326 4278
2624 4279
2831 4280
3426 4281
3179 4282
1947 4283
268 4284
953 4285
790 4286
506 4287
1664 4288
1667 4289
3436 4290
633 4291
2151 4292
1958 4293
2140 4294
1344 4295
101 4296
2373 4297
962 4298
699 4299
3909 4300
2985 4301
84 4302
2135 4303
1242 4304
1419 4305
2933 4306
2157 4307
2045 4308
2476 4309
337 4310
2547 4311
320 4312
3755 4313
2270 4314
4186 4315
298 4316
163 4317
1927 4318
2097 4319
1456 4320
3580 4321
448 4322
2655 4323
2900 4324
2840 4325
1221 4326
2750 4327
3492 4328
1569 4329
56 4330
2795 4331
997 4332
273 4333
782 4334
1883 4335
3250 4336
3147 4337
2287 4338
328 4339
2181 4340
637 4341
422 4342
170 4343
114 4344
2516 4345
935 4346
1099 4347
1796 4348
2578 4349
1054 4350
2211 4351
53 4352
1957 4353
2969 4354
230 4355
1565 4356
736 4357
4156 4358
3681 4359
1918 4360
3877 4361
2462 4362
1898 4363
2526 4364
3854 4365
817 4366
2421 4367
3130 4368
1153 4369
1163 4370
1589 4371
1584 4372
1934 4373
2470 4374
2238 4375
2505 4376
4020 4377
1171 4378
3390 4379
1230 4380
4074 4381
3296 4382
481 4383
1860 4384
1203 4385
3392 4386
3542 4387
2722 4388
2048 4389
3436 4390
1441 4391
1647 4392
618 4393
3997 4394
4177 4395
3769 4396
3591 4397
3420 4398
4021 4399
134 4400
1473 4401
3551 4402
1142 4403
1981 4404
35 4405
4059 4406
285 4407
73 4408
3055 4409
144 4410
3859 4411
4218 4412
3359 4413
1842 4414
2625 4415
1745 4416
3064 4417
3903 4418
2225 4419
2864 4420
2176 4421
706 4422
1290 4423
4338 4424
3361 4425
3511 4426
1909 4427
3393 4428
1221 4429
3726 4430
2861 4431
217 4432
4094 4433
18 4434
1729 4435
3712 4436
3574 4437
2989 4438
1818 4439
765 4440
2715 4441
758 4442
3045 4443
3019 4444
2233 4445
3918 4446
3274 4447
3792 4448
2636 4449
2262 4450
1418 4451
2170 4452
1938 4453
2162 4454
685 4455
4277 4456
232 4457
4183 4458
916 4459
1562 4460
2809 4461
4438 4462
448 4463
489 4464
3752 4465
2368 4466
1300 4467
2998 4468
3288 4469
3231 4470
4193 4471
2763 4472
3196 4473
939 4474
3782 4475
1606 4476
310 4477
4348 4478
1084 4479
1461 4480
1079 4481
2829 4482
2077 4483
3948 4484
670 4485
3840 4486
703 4487
3874 4488
2313 4489
1029 4490
3593 4491
3445 4492
75 4493
2528 4494
2546 4495
3000 4496
3702 4497
3513 4498
2463 4499
2383 4500
1882 4501
567 4502
1494 4503
3278 4504
1406 4505
796 4506
2737 4507
1301 4508
2474 4509
1329 4510
1100 4511
2932 4512
2277 4513
48 4514
3881 4515
719 4516
2490 4517
4460 4518
1935 4519
1231 4520
2136 4521
4011 4522
4111 4523
3841 4524
2691 4525
2142 4526
4031 4527
2251 4528
2841 4529
1304 4530
584 4531
2733 4532
3457 4533
529 4534
1811 4535
4441 4536
1844 4537
124 4538
1914 4539
1588 4540
2561 4541
3029 4542
2307 4543
1 4544
1605 4545
2412 4546
4477 4547
1919 4548
2530 4549
4260 4550
1297 4551
2598 4552
4538 4553
1655 4554
2672 4555
607 4556
3169 4557
541 4558
38 4559
71 4560
4093 4561
4260 4562
3236 4563
70 4564
1865 4565
1773 4566
1890 4567
1225 4568
2924 4569
112 4570
3541 4571
3610 4572
719 4573
1334 4574
1934 4575
239 4576
950 4577
1606 4578
3126 4579
2951 4580
2045 4581
3222 4582
1824 4583
2380 4584
3973 4585
2111 4586
450 4587
2914 4588
3467 4589
1271 4590
279 4591
1166 4592
1735 4593
1047 4594
1469 4595
1498 4596
3228 4597
1698 4598
2335 4599
1994 4600
3789 4601
728 4602
674 4603
2959 4604
4325 4605
1236 4606
2268 4607
2516 4608
1854 4609
4012 4610
3868 4611
1043 4612
1378 4613
1668 4614
3012 4615
1918 4616
2642 4617
4072 4618
1876 4619
2018 4620
3896 4621
3402 4622
1883 4623
3317 4624
2492 4625
4434 4626
2706 4627
424 4628
2525 4629
4083 4630
416 4631
2521 4632
1668 4633
984 4634
536 4635
335 4636
3654 4637
877 4638
4242 4639
3618 4640
942 4641
3026 4642
629 4643
2587 4644
3033 4645
4315 4646
3700 4647
1510 4648
2605 4649
2313 4650
2246 4651
3412 4652
3522 4653
3482 4654
81 4655
2144 4656
2924 4657
2434 4658
3768 4659
1904 4660
2954 4661
2031 4662
4003 4663
1472 4664
497 4665
1884 4666
1623 4667
2295 4668
3087 4669
563 4670
3726 4671
2383 4672
460 4673
3976 4674
2184 4675
2216 4676
1501 4677
701 4678
3531 4679
1625 4680
4286 4681
3988 4682
442 4683
2051 4684
2514 4685
771 4686
1998 4687
1938 4688
757 4689
2830 4690
4011 4691
3827 4692
1586 4693
484 4694
3276 4695
1891 4696
1113 4697
3561 4698
686 4699
2751 4700
2372 4701
1318 4702
1264 4703
4685 4704
3068 4705
4180 4706
725 4707
94 4708
2196 4709
4694 4710
1888 4711
1451 4712
2932 4713
4476 4714
2379 4715
3380 4716
1773 4717
3667 4718
4421 4719
289 4720
3098 4721
1572 4722
3547 4723
1952 4724
4603 4725
2681 4726
1995 4727
976 4728
2102 4729
3454 4730
691 4731
4374 4732
3527 4733
4101 4734
2938 4735
913 4736
2430 4737
4693 4738
160 4739
284 4740
4092 4741
3725 4742
3385 4743
295 4744
548 4745
3740 4746
4000 4747
4606 4748
2261 4749
1522 4750
1717 4751
1264 4752
753 4753
4026 4754
1151 4755
3555 4756
55 4757
2483 4758
713 4759
2082 4760
2914 4761
1970 4762
4704 4763
3732 4764
4248 4765
4311 4766
3559 4767
4079 4768
4649 4769
1761 4770
453 4771
294 4772
87 4773
4093 4774
1156 4775
3147 4776
2736 4777
2739 4778
3858 4779
150 4780
3283 4781
776 4782
1290 4783
1506 4784
723 4785
1148 4786
3077 4787
177 4788
1919 4789
2210 4790
2715 4791
2965 4792
1301 4793
147 4794
3189 4795
2090 4796
4017 4797
3041 4798
4118 4799
2363 4800
3268 4801
1940 4802
4049 4803
2997 4804
2205 4805
857 4806
1256 4807
2986 4808
19 4809
4487 4810
558 4811
411 4812
2519 4813
3485 4814
181 4815
4125 4816
36 4817
1079 4818
2456 4819
1290 4820
4130 4821
2889 4822
1812 4823
1812 4824
3176 4825
4411 4826
1294 4827
3039 4828
1561 4829
1540 4830
2084 4831
9 4832
3535 4833
3995 4834
3451 4835
4168 4836
1465 4837
349 4838
2141 4839
4631 4840
2584 4841
2036 4842
1479 4843
1413 4844
493 4845
1903 4846
1115 4847
1763 4848
808 4849
1481 4850
2615 4851
1357 4852
1081 4853
4171 4854
3124 4855
1725 4856
1888 4857
4522 4858
4097 4859
3627 4860
3924 4861
1748 4862
4076 4863
1517 4864
825 4865
710 4866
4236 4867
3603 4868
1443 4869
4854 4870
3689 4871
1120 4872
529 4873
3908 4874
372 4875
3808 4876
2971 4877
1664 4878
2440 4879
1529 4880
4554 4881
3666 4882
2075 4883
3702 4884
4644 4885
1390 4886
3408 4887
4162 4888
715 4889
3194 4890
3242 4891
2787 4892
1091 4893
515 4894
1436 4895
1947 4896
1192 4897
1472 4898
4527 4899
4403 4900
2739 4901
2577 4902
3193 4903
3343 4904
4277 4905
4646 4906
1495 4907
546 4908
3906 4909
212 4910
864 4911
3652 4912
434 4913
3907 4914
4175 4915
1581 4916
698 4917
1189 4918
4917 4919
4080 4920
2133 4921
4030 4922
290 4923
4394 4924
2486 4925
827 4926
2565 4927
774 4928
1663 4929
2125 4930
3057 4931
2799 4932
1180 4933
1846 4934
1423 4935
1737 4936
2458 4937
1943 4938
1312 4939
3188 4940
848 4941
1854 4942
3703 4943
2534 4944
1876 4945
248 4946
2941 4947
3455 4948
4937 4949
3071 4950
4504 4951
1812 4952
1533 4953
2023 4954
450 4955
3369 4956
55 4957
4206 4958
4578 4959
1284 4960
2405 4961
421 4962
2539 4963
3036 4964
3737 4965
2614 4966
2952 4967
786 4968
2914 4969
446 4970
2826 4971
2452 4972
1424 4973
421 4974
1251 4975
164 4976
858 4977
1325 4978
4510 4979
48 4980
4588 4981
948 4982
907 4983
4824 4984
12 4985
4308 4986
186 4987
1171 4988
1723 4989
2135 4990
2890 4991
1895 4992
3106 4993
4891 4994
3831 4995
713 4996
3084 4997
302 4998
4273 4999
4798 5000
1148 5001
1547 5002
363 5003
1233 5004
908 5005
2137 5006
2223 5007
4114 5008
4504 5009
1260 5010
4407 5011
14 5012
2363 5013
1755 5014
4392 5015
4177 5016
969 5017
1099 5018
740 5019
3597 5020
2302 5021
4261 5022
2311 5023
4965 5024
3790 5025
2399 5026
4349 5027
506 5028
1733 5029
3715 5030
4888 5031
4737 5032
2571 5033
4887 5034
585 5035
3684 5036
3739 5037
3443 5038
3718 5039
3699 5040
1619 5041
2498 5042
4977 5043
1124 5044
2254 5045
2649 5046
2770 5047
4746 5048
2171 5049
3998 5050
3089 5051
3210 5052
3389 5053
2038 5054
4687 5055
1328 5056
4046 5057
3193 5058
1943 5059
540 5060
511 5061
4121 5062
591 5063
1703 5064
4961 5065
4469 5066
956 5067
948 5068
1126 5069
2913 5070
876 5071
3837 5072
2141 5073
756 5074
4479 5075
2167 5076
1113 5077
4920 5078
2685 5079
2073 5080
4499 5081
5045 5082
1799 5083
3854 5084
724 5085
863 5086
14 5087
1789 5088
645 5089
803 5090
4468 5091
891 5092
2898 5093
946 5094
193 5095
124 5096
2500 5097
4877 5098
3830 5099
2102 5100
3951 5101
2174 5102
390 5103
1443 5104
505 5105
4443 5106
1296 5107
797 5108
2197 5109
1655 5110
3226 5111
4153 5112
529 5113
1829 5114
4398 5115
1546 5116
3850 5117
3192 5118
4643 5119
4224 5120
1598 5121
625 5122
3670 5123
3861 5124
831 5125
3259 5126
2948 5127
2691 5128
143 5129
687 5130
1539 5131
4945 5132
1698 5133
3977 5134
838 5135
4824 5136
4463 5137
1933 5138
4968 5139
4802 5140
2658 5141
3283 5142
3318 5143
1206 5144
140 5145
1775 5146
1075 5147
4257 5148
2307 5149
4402 5150
3186 5151
4365 5152
108 5153
2140 5154
657 5155
1304 5156
2168 5157
1842 5158
4080 5159
2866 5160
4417 5161
3237 5162
1815 5163
1541 5164
535 5165
5069 5166
537 5167
3250 5168
2765 5169
4629 5170
1428 5171
2828 5172
768 5173
864 5174
4202 5175
2227 5176
911 5177
1744 5178
2018 5179
3335 5180
2599 5181
504 5182
3498 5183
1464 5184
450 5185
2665 5186
4990 5187
2908 5188
3810 5189
4285 5190
936 5191
4459 5192
3222 5193
1217 5194
585 5195
4759 5196
4496 5197
4018 5198
3704 5199
1571 5200
594 5201
1628 5202
252 5203
2602 5204
1957 5205
5077 5206
4036 5207
238 5208
2270 5209
358 5210
329 5211
1553 5212
1867 5213
3219 5214
599 5215
4981 5216
2519 5217
4285 5218
917 5219
2892 5220
2097 5221
1694 5222
523 5223
964 5224
1105 5225
4002 5226
695 5227
86 5228
4744 5229
823 5230
1814 5231
3408 5232
426 5233
3948 5234
3642 5235
1697 5236
4253 5237
4781 5238
723 5239
49 5240
4788 5241
611 5242
2881 5243
23 5244
5219 5245
1938 5246
3534 5247
4791 5248
3556 5249
3657 5250
3900 5251
472 5252
1873 5253
916 5254
2223 5255
1767 5256
2552 5257
547 5258
4717 5259
2106 5260
2285 5261
789 5262
2127 5263
4349 5264
4284 5265
4317 5266
5180 5267
3507 5268
1528 5269
1827 5270
2124 5271
3513 5272
2460 5273
3505 5274
1579 5275
2059 5276
1239 5277
1635 5278
922 5279
2676 5280
1283 5281
4762 5282
1230 5283
2677 5284
4176 5285
3494 5286
460 5287
1137 5288
5143 5289
3228 5290
3669 5291
3256 5292
1907 5293
24 5294
2254 5295
3390 5296
1928 5297
1282 5298
916 5299
3900 5300
2970 5301
3562 5302
819 5303
3786 5304
1328 5305
4009 5306
1390 5307
340 5308
2499 5309
4792 5310
4712 5311
223 5312
2371 5313
3937 5314
5063 5315
1306 5316
4533 5317
3553 5318
1222 5319
3758 5320
4670 5321
416 5322
2688 5323
1472 5324
2908 5325
4889 5326
1944 5327
1383 5328
3230 5329
3725 5330
315 5331
3279 5332
1359 5333
4746 5334
431 5335
224 5336
1610 5337
1583 5338
2917 5339
3263 5340
1580 5341
1528 5342
1649 5343
1675 5344
1969 5345
2991 5346
3428 5347
1996 5348
3783 5349
1445 5350
3275 5351
994 5352
1506 5353
3708 5354
94 5355
1764 5356
939 5357
855 5358
4332 5359
732 5360
2580 5361
1802 5362
3033 5363
1868 5364
3052 5365
2875 5366
166 5367
2887 5368
4036 5369
1799 5370
643 5371
5334 5372
3925 5373
320 5374
3884 5375
1421 5376
2395 5377
3150 5378
3470 5379
718 5380
5329 5381
1419 5382
2679 5383
3657 5384
3298 5385
1899 5386
2444 5387
4483 5388
3061 5389
4191 5390
1104 5391
1217 5392
1187 5393
2711 5394
646 5395
4351 5396
3113 5397
2834 5398
2718 5399
107 5400
4778 5401
1354 5402
4695 5403
2888 5404
1735 5405
2375 5406
4282 5407
1209 5408
1479 5409
218 5410
4441 5411
4324 5412
5368 5413
3602 5414
1620 5415
3887 5416
4803 5417
2463 5418
1329 5419
2974 5420
5058 5421
31 5422
1484 5423
234 5424
622 5425
1386 5426
1826 5427
1994 5428
3541 5429
4836 5430
1210 5431
1224 5432
5348 5433
4520 5434
2597 5435
1922 5436
3584 5437
1706 5438
827 5439
4644 5440
4789 5441
4882 5442
1343 5443
2907 5444
412 5445
398 5446
1848 5447
2632 5448
4681 5449
4488 5450
762 5451
4591 5452
4439 5453
4223 5454
4102 5455
682 5456
4797 5457
5238 5458
2995 5459
810 5460
3924 5461
2332 5462
4190 5463
1802 5464
3434 5465
4601 5466
3139 5467
183 5468
2703 5469
241 5470
4750 5471
5088 5472
1627 5473
5344 5474
2536 5475
2658 5476
3474 5477
5324 5478
4350 5479
304 5480
4649 5481
3762 5482
795 5483
2086 5484
4698 5485
5308 5486
4319 5487
1015 5488
1946 5489
1405 5490
508 5491
441 5492
1303 5493
4055 5494
5433 5495
1500 5496
4745 5497
932 5498
2868 5499
4140 5500
2555 5501
2749 5502
3870 5503
1794 5504
2530 5505
1162 5506
130 5507
4689 5508
875 5509
55 5510
3687 5511
4426 5512
4876 5513
158 5514
374 5515
4581 5516
1180 5517
522 5518
2067 5519
4867 5520
1924 5521
3831 5522
1649 5523
910 5524
5481 5525
2891 5526
4985 5527
4844 5528
1145 5529
3651 5530
725 5531
3248 5532
1923 5533
5321 5534
2748 5535
4541 5536
1429 5537
2121 5538
4167 5539
5153 5540
541 5541
1456 5542
4663 5543
4788 5544
2210 5545
4400 5546
269 5547
2811 5548
1076 5549
4363 5550
5488 5551
4531 5552
4929 5553
4769 5554
2278 5555
2954 5556
1978 5557
4112 5558
5548 5559
1964 5560
2809 5561
3674 5562
3941 5563
3443 5564
5130 5565
399 5566
3664 5567
2055 5568
1992 5569
3421 5570
3778 5571
426 5572
4311 5573
3623 5574
5096 5575
3336 5576
1813 5577
2162 5578
3374 5579
4525 5580
1639 5581
1601 5582
1056 5583
5484 5584
2815 5585
50 5586
4256 5587
3264 5588
4566 5589
4401 5590
913 5591
2697 5592
1526 5593
2178 5594
4156 5595
2770 5596
2365 5597
5213 5598
4327 5599
5555 5600
3448 5601
1026 5602
4527 5603
2191 5604
3524 5605
5116 5606
2871 5607
4299 5608
1806 5609
3161 5610
93 5611
2173 5612
3346 5613
3175 5614
1998 5615
1168 5616
4230 5617
3168 5618
1109 5619
3600 5620
792 5621
3054 5622
2748 5623
2648 5624
2794 5625
4011 5626
3142 5627
2741 5628
4117 5629
84 5630
1786 5631
3860 5632
280 5633
5059 5634
2071 5635
536 5636
5296 5637
4001 5638
4817 5639
3705 5640
2215 5641
4071 5642
4750 5643
855 5644
5265 5645
4020 5646
1858 5647
3412 5648
700 5649
3682 5650
4986 5651
4067 5652
4361 5653
163 5654
3810 5655
1395 5656
4866 5657
4081 5658
3182 5659
3258 5660
1104 5661
5190 5662
1627 5663
4224 5664
4488 5665
3356 5666
1282 5667
865 5668
2404 5669
77 5670
5358 5671
1630 5672
2638 5673
212 5674
292 5675
3118 5676
1768 5677
2015 5678
3009 5679
4012 5680
2984 5681
5475 5682
1767 5683
677 5684
3271 5685
566 5686
4414 5687
471 5688
1515 5689
1428 5690
613 5691
5499 5692
3252 5693
1873 5694
1861 5695
329 5696
3007 5697
3767 5698
1836 5699
291 5700
376 5701
1136 5702
3239 5703
614 5704
4279 5705
5491 5706
5440 5707
5202 5708
4504 5709
4818 5710
3303 5711
1867 5712
5419 5713
20 5714
2045 5715
416 5716
873 5717
274 5718
3672 5719
3824 5720
5086 5721
3691 5722
3119 5723
756 5724
281 5725
1773 5726
5641 5727
1380 5728
3217 5729
3323 5730
1341 5731
54 5732
3033 5733
2924 5734
4259 5735
2333 5736
3461 5737
1364 5738
4561 5739
4039 5740
1554 5741
2564 5742
3307 5743
2007 5744
1777 5745
4591 5746
1531 5747
91 5748
5380 5749
1706 5750
4468 5751
1513 5752
5728 5753
3568 5754
2053 5755
5196 5756
4803 5757
2250 5758
1518 5759
4038 5760
1949 5761
4812 5762
5093 5763
5309 5764
880 5765
4146 5766
3036 5767
735 5768
3965 5769
3305 5770
1088 5771
3422 5772
2298 5773
2438 5774
2087 5775
3923 5776
2221 5777
1464 5778
4348 5779
2739 5780
232 5781
4885 5782
3022 5783
2888 5784
5630 5785
2603 5786
4530 5787
883 5788
4211 5789
3858 5790
379 5791
1025 5792
3458 5793
2918 5794
32 5795
2428 5796
934 5797
3335 5798
3562 5799
3968 5800
2311 5801
4089 5802
3332 5803
5451 5804
4033 5805
5470 5806
3996 5807
5250 5808
4030 5809
5285 5810
5784 5811
3450 5812
1585 5813
5149 5814
4477 5815
5328 5816
3178 5817
1007 5818
3244 5819
5405 5820
831 5821
3245 5822
2461 5823
1962 5824
4593 5825
3700 5826
4556 5827
5188 5828
1592 5829
5653 5830
5247 5831
4547 5832
2502 5833
1676 5834
1768 5835
3101 5836
1537 5837
3391 5838
4934 5839
5242 5840
5408 5841
2297 5842
3924 5843
5111 5844
4594 5845
2147 5846
1998 5847
1348 5848
4173 5849
2576 5850
5502 5851
3140 5852
2033 5853
5087 5854
4417 5855
213 5856
2179 5857
4374 5858
2798 5859
2152 5860
608 5861
3619 5862
5769 5863
2918 5864
5668 5865
2408 5866
5593 5867
1908 5868
1163 5869
4144 5870
433 5871
1405 5872
88 5873
3722 5874
811 5875
5123 5876
706 5877
4306 5878
5205 5879
2714 5880
4670 5881
308 5882
1029 5883
4145 5884
1855 5885
1434 5886
5468 5887
4629 5888
4366 5889
4188 5890
641 5891
3240 5892
1009 5893
5248 5894
551 5895
3875 5896
2946 5897
2695 5898
5097 5899
749 5900
3814 5901
225 5902
5324 5903
1968 5904
2024 5905
588 5906
1212 5907
873 5908
2395 5909
3478 5910
3978 5911
852 5912
3834 5913
2806 5914
2403 5915
2050 5916
5405 5917
4904 5918
416 5919
5856 5920
1499 5921
424 5922
756 5923
709 5924
4881 5925
3591 5926
1236 5927
5880 5928
5509 5929
1868 5930
240 5931
4983 5932
4041 5933
4281 5934
644 5935
5528 5936
3083 5937
2316 5938
4830 5939
3182 5940
5642 5941
80 5942
3046 5943
4800 5944
3181 5945
2178 5946
4663 5947
4450 5948
2303 5949
2215 5950
5391 5951
5929 5952
4237 5953
2251 5954
1066 5955
2278 5956
5883 5957
4691 5958
1817 5959
1447 5960
1162 5961
5929 5962
2353 5963
5086 5964
3147 5965
5275 5966
280 5967
4471 5968
4349 5969
1788 5970
1696 5971
3553 5972
5942 5973
3241 5974
2412 5975
2904 5976
1677 5977
5724 5978
4343 5979
4638 5980
5775 5981
2324 5982
3708 5983
2723 5984
4926 5985
23 5986
5400 5987
3984 5988
833 5989
638 5990
2240 5991
4029 5992
2735 5993
4420 5994
5354 5995
2243 5996
5987 5997
3032 5998
1199 5999
4738 6000
3976 6001
1714 6002
769 6003
298 6004
1237 6005
4713 6006
4894 6007
3873 6008
4918 6009
753 6010
1664 6011
3521 6012
4297 6013
3719 6014
4349 6015
772 6016
4037 6017
3282 6018
652 6019
4706 6020
840 6021
4639 6022
5669 6023
3662 6024
5641 6025
4926 6026
2303 6027
30 6028
1752 6029
2358 6030
1195 6031
4060 6032
1416 6033
4452 6034
4724 6035
4158 6036
3950 6037
551 6038
857 6039
5783 6040
387 6041
5401 6042
2356 6043
5507 6044
2867 6045
1320 6046
1684 6047
5054 6048
4245 6049
3913 6050
1010 6051
3260 6052
5305 6053
2460 6054
3614 6055
3302 6056
3707 6057
5323 6058
4202 6059
2417 6060
4613 6061
3575 6062
4306 6063
5915 6064
5711 6065
49 6066
156 6067
1732 6068
3288 6069
2286 6070
609 6071
1254 6072
3502 6073
3282 6074
4214 6075
4213 6076
3429 6077
5768 6078
553 6079
390 6080
2524 6081
2062 6082
801 6083
1483 6084
3989 6085
2032 6086
3593 6087
2081 6088
5598 6089
2301 6090
2340 6091
1474 6092
5015 6093
573 6094
1030 6095
4114 6096
4801 6097
2268 6098
2804 6099
169 6100
1014 6101
4563 6102
2356 6103
977 6104
1237 6105
3408 6106
3020 6107
3423 6108
1685 6109
840 6110
1051 6111
2001 6112
4999 6113
3533 6114
1714 6115
91 6116
1852 6117
1576 6118
5388 6119
3026 6120
5380 6121
199 6122
2221 6123
933 6124
5639 6125
1847 6126
2403 6127
2165 6128
848 6129
62 6130
2223 6131
5776 6132
1791 6133
490 6134
4809 6135
3078 6136
1668 6137
3708 6138
1662 6139
1691 6140
4808 6141
2180 6142
3480 6143
2961 6144
2432 6145
2971 6146
3856 6147
3794 6148
3469 6149
2422 6150
1033 6151
3935 6152
894 6153
29 6154
4996 6155
2453 6156
3224 6157
4839 6158
5504 6159
4327 6160
5090 6161
6063 6162
2869 6163
493 6164
3512 6165
2811 6166
3151 6167
2624 6168
1097 6169
5762 6170
1399 6171
1772 6172
417 6173
5223 6174
1931 6175
5563 6176
3472 6177
1140 6178
2505 6179
2022 6180
3483 6181
4115 6182
480 6183
4667 6184
2192 6185
717 6186
5640 6187
866 6188
156 6189
2787 6190
2716 6191
4109 6192
6143 6193
5780 6194
948 6195
3561 6196
4450 6197
5918 6198
4942 6199
2018 6200
5775 6201
1762 6202
333 6203
5027 6204
4153 6205
4346 6206
5959 6207
4610 6208
2954 6209
3782 6210
5237 6211
1975 6212
2567 6213
3092 6214
5783 6215
6121 6216
1068 6217
4208 6218
87 6219
2945 6220
2045 6221
1232 6222
522 6223
2348 6224
4673 6225
2914 6226
3782 6227
4775 6228
5844 6229
3366 6230
6007 6231
2162 6232
3888 6233
2367 6234
4946 6235
3866 6236
5435 6237
4852 6238
5045 6239
988 6240
3489 6241
4168 6242
266 6243
4424 6244
121 6245
1560 6246
6 6247
2191 6248
5526 6249
4260 6250
1084 6251
1381 6252
4527 6253
6111 6254
93 6255
4422 6256
1989 6257
3433 6258
4916 6259
5128 6260
4608 6261
205 6262
3864 6263
2474 6264
3144 6265
5179 6266
4305 6267
4824 6268
753 6269
6180 6270
5165 6271
700 6272
420 6273
5948 6274
4295 6275
3121 6276
2836 6277
3555 6278
5779 6279
415 6280
1009 6281
2589 6282
11 6283
4843 6284
500 6285
849 6286
546 6287
3648 6288
698 6289
6241 6290
2094 6291
2427 6292
2182 6293
2641 6294
905 6295
3663 6296
4977 6297
4051 6298
1491 6299
3106 6300
4954 6301
1830 6302
1602 6303
693 6304
5625 6305
6110 6306
4435 6307
1239 6308
4592 6309
3744 6310
2084 6311
3742 6312
5242 6313
2968 6314
1829 6315
842 6316
67 6317
5737 6318
227 6319
862 6320
2145 6321
6225 6322
3536 6323
1788 6324
6170 6325
5817 6326
4949 6327
1117 6328
4158 6329
5321 6330
2195 6331
943 6332
3970 6333
2984 6334
5241 6335
2781 6336
3881 6337
3151 6338
3651 6339
5325 6340
3815 6341
2244 6342
1195 6343
352 6344
441 6345
2647 6346
5612 6347
2786 6348
2829 6349
5187 6350
1643 6351
4740 6352
4909 6353
6153 6354
3034 6355
224 6356
5586 6357
4022 6358
5563 6359
1241 6360
379 6361
6137 6362
6215 6363
76 6364
610 6365
3337 6366
5509 6367
4230 6368
4676 6369
1531 6370
338 6371
120 6372
5530 6373
1547 6374
1275 6375
3681 6376
427 6377
424 6378
749 6379
3044 6380
5985 6381
5465 6382
156 6383
390 6384
3199 6385
1091 6386
2886 6387
5706 6388
6187 6389
3221 6390
150 6391
76 6392
4517 6393
5559 6394
1681 6395
5544 6396
1508 6397
4184 6398
3414 6399
2694 6400
5716 6401
2056 6402
2046 6403
1491 6404
3079 6405
1210 6406
2454 6407
2645 6408
5870 6409
3612 6410
4338 6411
351 6412
4723 6413
4662 6414
4281 6415
3864 6416
4248 6417
5689 6418
4054 6419
1819 6420
2823 6421
5961 6422
4095 6423
5957 6424
4058 6425
3943 6426
2067 6427
223 6428
5242 6429
5924 6430
701 6431
623 6432
512 6433
5270 6434
521 6435
4082 6436
1949 6437
4426 6438
3018 6439
4592 6440
5523 6441
2223 6442
6066 6443
4451 6444
5864 6445
4551 6446
2788 6447
3261 6448
2156 6449
4667 6450
4207 6451
5118 6452
5798 6453
2846 6454
6202 6455
3607 6456
1751 6457
3046 6458
1898 6459
58 6460
4224 6461
4854 6462
5840 6463
5142 6464
300 6465
1941 6466
6269 6467
1402 6468
3297 6469
3141 6470
2197 6471
5318 6472
131 6473
2871 6474
4375 6475
3721 6476
4430 6477
3437 6478
344 6479
6171 6480
3747 6481
1640 6482
531 6483
3200 6484
3680 6485
2220 6486
5190 6487
3646 6488
4634 6489
6396 6490
151 6491
1024 6492
6367 6493
4334 6494
3502 6495
2031 6496
3313 6497
5737 6498
5307 6499
6406 6500
4291 6501
4904 6502
1191 6503
4002 6504
3284 6505
5512 6506
2261 6507
3901 6508
1589 6509
4795 6510
2753 6511
2149 6512
6091 6513
5520 6514
5214 6515
5959 6516
3501 6517
3396 6518
4082 6519
4829 6520
6414 6521
4916 6522
5210 6523
1866 6524
2012 6525
2733 6526
1996 6527
750 6528
375 6529
752 6530
864 6531
3183 6532
901 6533
4026 6534
5767 6535
498 6536
1147 6537
5344 6538
2686 6539
2098 6540
2986 6541
6177 6542
3824 6543
2862 6544
2218 6545
5811 6546
4690 6547
6502 6548
5430 6549
4533 6550
6170 6551
202 6552
4083 6553
4580 6554
6015 6555
6263 6556
3578 6557
5236 6558
2168 6559
4615 6560
2331 6561
5001 6562
1649 6563
1903 6564
2178 6565
4117 6566
5762 6567
4376 6568
4997 6569
432 6570
3457 6571
2052 6572
2027 6573
4348 6574
6412 6575
5051 6576
4714 6577
5248 6578
5705 6579
6470 6580
3396 6581
3336 6582
1017 6583
1487 6584
1383 6585
6388 6586
5312 6587
1119 6588
3845 6589
1975 6590
5887 6591
1134 6592
2791 6593
2723 6594
5811 6595
2033 6596
5610 6597
6490 6598
2147 6599
4530 6600
2600 6601
1129 6602
2019 6603
5696 6604
4232 6605
3021 6606
5927 6607
2400 6608
3541 6609
4951 6610
1107 6611
845 6612
5876 6613
5780 6614
4105 6615
4834 6616
1922 6617
5285 6618
1258 6619
1639 6620
6608 6621
1383 6622
2483 6623
1910 6624
4121 6625
4579 6626
2051 6627
4147 6628
2562 6629
4110 6630
5650 6631
2330 6632
267 6633
107 6634
5429 6635
1937 6636
1473 6637
2840 6638
4885 6639
3506 6640
1160 6641
6259 6642
227 6643
3747 6644
1886 6645
3775 6646
3999 6647
773 6648
3839 6649
405 6650
4418 6651
3494 6652
3908 6653
3281 6654
1243 6655
1013 6656
397 6657
3611 6658
4487 6659
1877 6660
2688 6661
5118 6662
6211 6663
1141 6664
4788 6665
5824 6666
3407 6667
1643 6668
2170 6669
4562 6670
6241 6671
5571 6672
4151 6673
2658 6674
3942 6675
3775 6676
6492 6677
2406 6678
4508 6679
6005 6680
4666 6681
1704 6682
1606 6683
3625 6684
5760 6685
1107 6686
6094 6687
957 6688
4760 6689
4825 6690
1863 6691
1395 6692
3087 6693
3012 6694
5746 6695
479 6696
1838 6697
3904 6698
4117 6699
655 6700
5589 6701
2832 6702
1904 6703
4743 6704
2153 6705
4116 6706
4790 6707
4137 6708
398 6709
4444 6710
4625 6711
4534 6712
6152 6713
4420 6714
3131 6715
3343 6716
2221 6717
6245 6718
3731 6719
4644 6720
3143 6721
5991 6722
2607 6723
4803 6724
1743 6725
157 6726
3592 6727
4236 6728
1785 6729
6621 6730
5469 6731
5624 6732
4474 6733
234 6734
4483 6735
3412 6736
6156 6737
1518 6738
222 6739
5454 6740
4739 6741
4397 6742
1169 6743
5308 6744
5192 6745
3658 6746
1097 6747
3604 6748
1937 6749
4830 6750
2914 6751
2204 6752
3385 6753
721 6754
1176 6755
130 6756
2585 6757
5194 6758
1975 6759
4584 6760
249 6761
5062 6762
632 6763
1759 6764
1182 6765
6649 6766
4576 6767
4429 6768
4748 6769
5542 6770
2511 6771
6481 6772
1174 6773
6541 6774
6206 6775
1803 6776
6507 6777
3200 6778
2551 6779
6301 6780
3226 6781
6692 6782
3703 6783
4506 6784
403 6785
1478 6786
4333 6787
3878 6788
3237 6789
6773 6790
2480 6791
6231 6792
2905 6793
4806 6794
6313 6795
4211 6796
6327 6797
448 6798
142 6799
6070 6800
3772 6801
602 6802
832 6803
3175 6804
6366 6805
6617 6806
1693 6807
6 6808
4294 6809
6122 6810
405 6811
2510 6812
2136 6813
2493 6814
5777 6815
5202 6816
2049 6817
3152 6818
5019 6819
5050 6820
3265 6821
2071 6822
5922 6823
6116 6824
1967 6825
5434 6826
1505 6827
4748 6828
870 6829
3123 6830
5236 6831
50 6832
3728 6833
4020 6834
1152 6835
2683 6836
3213 6837
6461 6838
3711 6839
2523 6840
4202 6841
6061 6842
1252 6843
1985 6844
2754 6845
5185 6846
522 6847
504 6848
3370 6849
6733 6850
2382 6851
5859 6852
4675 6853
900 6854
5127 6855
6717 6856
5811 6857
6162 6858
3315 6859
2127 6860
5159 6861
1185 6862
1202 6863
935 6864
5113 6865
3132 6866
5998 6867
6681 6868
3190 6869
2221 6870
6167 6871
4445 6872
3850 6873
571 6874
2062 6875
2444 6876
3929 6877
6264 6878
2923 6879
1056 6880
1965 6881
6474 6882
4691 6883
2036 6884
2560 6885
821 6886
2788 6887
4644 6888
1222 6889
3802 6890
273 6891
4563 6892
3965 6893
47 6894
6426 6895
4535 6896
43 6897
1351 6898
3026 6899
2934 6900
2612 6901
5797 6902
419 6903
6119 6904
2454 6905
2266 6906
5798 6907
1351 6908
2331 6909
3507 6910
3584 6911
6110 6912
1316 6913
2335 6914
4177 6915
4021 6916
6796 6917
1501 6918
5655 6919
175 6920
2241 6921
5994 6922
2146 6923
6321 6924
2519 6925
5513 6926
4912 6927
6903 6928
4970 6929
1326 6930
334 6931
2881 6932
3352 6933
6289 6934
2635 6935
3678 6936
734 6937
4377 6938
4151 6939
3917 6940
2614 6941
5706 6942
900 6943
518 6944
2871 6945
2231 6946
4711 6947
4839 6948
2369 6949
6673 6950
3627 6951
2968 6952
4940 6953
4295 6954
4507 6955
240 6956
4591 6957
2018 6958
3528 6959
4635 6960
2333 6961
4167 6962
1410 6963
4162 6964
5207 6965
6945 6966
6060 6967
4487 6968
1242 6969
6030 6970
1020 6971
5046 6972
6088 6973
6739 6974
622 6975
1195 6976
331 6977
4790 6978
3564 6979
4917 6980
2547 6981
1374 6982
2540 6983
3660 6984
90 6985
5686 6986
1352 6987
3301 6988
1017 6989
4123 6990
4056 6991
5800 6992
6485 6993
3876 6994
3772 6995
3802 6996
2268 6997
3061 6998
696 6999
4676 7000
6028 7001
6435 7002
4837 7003
5819 7004
2473 7005
6611 7006
4147 7007
2243 7008
4515 7009
4664 7010
2149 7011
3108 7012
6698 7013
4334 7014
4335 7015
6056 7016
324 7017
4672 7018
5939 7019
5691 7020
626 7021
4228 7022
2361 7023
879 7024
5885 7025
1023 7026
2429 7027
5201 7028
434 7029
4917 7030
906 7031
6682 7032
2863 7033
4281 7034
618 7035
5119 7036
6289 7037
5895 7038
6854 7039
192 7040
535 7041
1652 7042
2614 7043
4023 7044
6112 7045
2377 7046
68 7047
2614 7048
3952 7049
1101 7050
2592 7051
714 7052
1513 7053
5814 7054
4265 7055
1239 7056
2654 7057
2166 7058
5086 7059
2405 7060
4718 7061
2424 7062
4236 7063
4069 7064
1246 7065
6420 7066
3310 7067
4022 7068
6416 7069
893 7070
2954 7071
1112 7072
4046 7073
3484 7074
887 7075
2199 7076
1329 7077
1886 7078
5862 7079
4779 7080
2201 7081
6149 7082
4301 7083
3951 7084
2160 7085
2330 7086
6365 7087
851 7088
1194 7089
5336 7090
4914 7091
1041 7092
120 7093
5496 7094
3317 7095
3433 7096
3802 7097
3220 7098
3798 7099
6353 7100
138 7101
592 7102
6845 7103
381 7104
5414 7105
6906 7106
1388 7107
1262 7108
2435 7109
1201 7110
4716 7111
4162 7112
232 7113
174 7114
5860 7115
2113 7116
3321 7117
6287 7118
3127 7119
2295 7120
3263 7121
3265 7122
114 7123
5610 7124
1857 7125
2545 7126
6884 7127
2386 7128
3257 7129
5617 7130
2089 7131
4331 7132
6289 7133
3741 7134
4457 7135
1476 7136
1120 7137
748 7138
5787 7139
2235 7140
696 7141
1934 7142
67 7143
3225 7144
4115 7145
31 7146
4396 7147
2560 7148
5441 7149
6629 7150
1527 7151
3894 7152
3854 7153
5359 7154
5417 7155
5414 7156
5368 7157
5108 7158
4799 7159
1635 7160
6179 7161
334 7162
3176 7163
6881 7164
1744 7165
2443 7166
602 7167
577 7168
7140 7169
6198 7170
6112 7171
4643 7172
3254 7173
6351 7174
6808 7175
3579 7176
2899 7177
6846 7178
4763 7179
6593 7180
1261 7181
3864 7182
6153 7183
3574 7184
5629 7185
7085 7186
3016 7187
6653 7188
4897 7189
4148 7190
7058 7191
5202 7192
3614 7193
2978 7194
289 7195
3206 7196
785 7197
6856 7198
4803 7199
1320 7200
2637 7201
4365 7202
3457 7203
221 7204
886 7205
825 7206
6140 7207
3243 7208
2043 7209
5785 7210
3951 7211
1447 7212
5299 7213
7174 7214
56 7215
3657 7216
5128 7217
3193 7218
1163 7219
6025 7220
3823 7221
5341 7222
4967 7223
2849 7224
5376 7225
2812 7226
2869 7227
1839 7228
6583 7229
3435 7230
1551 7231
6957 7232
3622 7233
5952 7234
1941 7235
234 7236
380 7237
5765 7238
2054 7239
5191 7240
4682 7241
2277 7242
860 7243
5323 7244
7050 7245
1710 7246
1841 7247
6021 7248
5373 7249
1342 7250
3088 7251
3205 7252
1240 7253
3686 7254
3482 7255
5814 7256
6050 7257
2226 7258
1100 7259
159 7260
304 7261
1111 7262
5873 7263
7044 7264
5577 7265
6114 7266
2093 7267
6112 7268
3475 7269
954 7270
2131 7271
2193 7272
3525 7273
2258 7274
2478 7275
92 7276
4235 7277
1028 7278
20 7279
1996 7280
6991 7281
3972 7282
3894 7283
3286 7284
702 7285
4530 7286
4998 7287
6147 7288
1363 7289
4337 7290
6384 7291
1542 7292
6541 7293
6744 7294
4153 7295
4832 7296
4446 7297
2591 7298
4539 7299
5110 7300
4071 7301
4808 7302
6979 7303
3342 7304
861 7305
5358 7306
2817 7307
6043 7308
4498 7309
6128 7310
4798 7311
5123 7312
501 7313
609 7314
384 7315
4418 7316
3971 7317
3058 7318
1493 7319
173 7320
7195 7321
1478 7322
3455 7323
1049 7324
174 7325
5511 7326
5052 7327
6359 7328
2728 7329
4517 7330
527 7331
3313 7332
3606 7333
1066 7334
2255 7335
1347 7336
6794 7337
1993 7338
2468 7339
3899 7340
5356 7341
5751 7342
6026 7343
6302 7344
342 7345
5062 7346
4726 7347
2421 7348
6135 7349
3692 7350
3241 7351
6697 7352
3513 7353
2219 7354
2330 7355
2715 7356
2467 7357
5657 7358
6677 7359
955 7360
4515 7361
4222 7362
1684 7363
6536 7364
6117 7365
1725 7366
86 7367
2 7368
3930 7369
950 7370
5314 7371
6224 7372
6085 7373
2544 7374
6450 7375
2385 7376
6395 7377
518 7378
7049 7379
3366 7380
4440 7381
5165 7382
768 7383
377 7384
5776 7385
3134 7386
4764 7387
2385 7388
3624 7389
3366 7390
2602 7391
5058 7392
1886 7393
2153 7394
6754 7395
1320 7396
2333 7397
5653 7398
2298 7399
1064 7400
2540 7401
65 7402
7294 7403
3519 7404
4156 7405
3708 7406
5900 7407
1344 7408
1235 7409
6262 7410
4585 7411
6645 7412
2935 7413
2370 7414
2728 7415
4554 7416
152 7417
4738 7418
614 7419
1198 7420
1224 7421
119 7422
6738 7423
2334 7424
6898 7425
549 7426
5980 7427
268 7428
1716 7429
6971 7430
4586 7431
3529 7432
753 7433
6260 7434
4086 7435
6791 7436
5255 7437
6846 7438
2349 7439
4735 7440
4130 7441
297 7442
2266 7443
3667 7444
4514 7445
111 7446
5004 7447
7087 7448
3697 7449
2300 7450
3899 7451
1290 7452
6414 7453
2455 7454
3699 7455
3172 7456
3511 7457
1481 7458
6137 7459
6640 7460
1470 7461
2622 7462
5898 7463
6033 7464
3725 7465
3712 7466
1404 7467
5013 7468
6553 7469
36 7470
2191 7471
5409 7472
5018 7473
3666 7474
3803 7475
5711 7476
5978 7477
6341 7478
3592 7479
6062 7480
703 7481
6740 7482
162 7483
6498 7484
3060 7485
4822 7486
6704 7487
5032 7488
6135 7489
537 7490
6812 7491
1125 7492
4054 7493
2940 7494
4830 7495
5211 7496
700 7497
4259 7498
7402 7499
6800 7500
578 7501
3203 7502
6008 7503
1596 7504
6428 7505
4152 7506
929 7507
697 7508
2061 7509
2687 7510
2602 7511
3666 7512
6812 7513
5320 7514
6931 7515
961 7516
4579 7517
3113 7518
1975 7519
2398 7520
87 7521
4983 7522
6672 7523
1366 7524
4285 7525
2080 7526
6571 7527
6429 7528
3485 7529
1612 7530
3001 7531
2072 7532
7121 7533
5718 7534
4549 7535
5138 7536
45 7537
1539 7538
7175 7539
7442 7540
4625 7541
7522 7542
2391 7543
1031 7544
622 7545
4338 7546
6800 7547
1748 7548
6651 7549
1647 7550
7182 7551
5754 7552
542 7553
3429 7554
6301 7555
5992 7556
3770 7557
57 7558
557 7559
6025 7560
4791 7561
4987 7562
6773 7563
3374 7564
2436 7565
6683 7566
4626 7567
3353 7568
6432 7569
3471 7570
4592 7571
3793 7572
1298 7573
6010 7574
6554 7575
6616 7576
3564 7577
3558 7578
5051 7579
2130 7580
3000 7581
679 7582
2015 7583
1904 7584
3470 7585
7228 7586
6305 7587
1350 7588
5162 7589
669 7590
6608 7591
3621 7592
3573 7593
1992 7594
4518 7595
7125 7596
7334 7597
4614 7598
4062 7599
5155 7600
50 7601
1473 7602
4415 7603
4835 7604
3322 7605
7243 7606
6305 7607
3810 7608
6224 7609
3714 7610
5332 7611
3307 7612
7189 7613
1741 7614
1303 7615
2612 7616
5276 7617
5070 7618
1932 7619
1424 7620
3177 7621
637 7622
6175 7623
1667 7624
100 7625
610 7626
6693 7627
6430 7628
4520 7629
5270 7630
2560 7631
1669 7632
3546 7633
2797 7634
672 7635
3679 7636
2972 7637
5656 7638
5893 7639
1882 7640
6229 7641
4316 7642
4576 7643
800 7644
2593 7645
7116 7646
5981 7647
3290 7648
2407 7649
2663 7650
2507 7651
1051 7652
7557 7653
138 7654
3205 7655
2344 7656
2762 7657
7170 7658
1985 7659
3244 7660
851 7661
4733 7662
2894 7663
2195 7664
4297 7665
2820 7666
5648 7667
2054 7668
2120 7669
456 7670
2165 7671
6386 7672
2033 7673
3835 7674
437 7675
1928 7676
698 7677
2441 7678
2244 7679
629 7680
1586 7681
390 7682
3554 7683
3262 7684
2048 7685
2483 7686
3795 7687
3953 7688
7150 7689
6192 7690
286 7691
6155 7692
4828 7693
5447 7694
7525 7695
993 7696
4603 7697
2682 7698
1785 7699
1278 7700
3311 7701
7160 7702
3409 7703
6759 7704
5764 7705
6667 7706
4634 7707
6092 7708
5027 7709
4150 7710
1266 7711
635 7712
326 7713
543 7714
3444 7715
3874 7716
772 7717
3396 7718
2966 7719
5600 7720
164 7721
3476 7722
4084 7723
6380 7724
6538 7725
2410 7726
5710 7727
4931 7728
498 7729
3361 7730
929 7731
3306 7732
2623 7733
5085 7734
3621 7735
2837 7736
1760 7737
4917 7738
2325 7739
7247 7740
1965 7741
420 7742
3382 7743
542 7744
6966 7745
5816 7746
4223 7747
6114 7748
6469 7749
3899 7750
2847 7751
6610 7752
6326 7753
418 7754
498 7755
6794 7756
32 7757
4476 7758
3423 7759
3693 7760
2958 7761
1396 7762
6122 7763
1463 7764
7045 7765
875 7766
871 7767
2048 7768
7064 7769
1367 7770
2241 7771
2825 7772
2714 7773
3372 7774
7101 7775
7699 7776
582 7777
2458 7778
4727 7779
7318 7780
6225 7781
5840 7782
4633 7783
2571 7784
425 7785
4680 7786
2816 7787
4742 7788
271 7789
5861 7790
4612 7791
2835 7792
3249 7793
213 7794
6208 7795
2928 7796
2203 7797
3155 7798
7129 7799
7668 7800
1964 7801
2915 7802
2540 7803
1183 7804
4072 7805
6346 7806
3767 7807
3343 7808
4388 7809
4935 7810
6181 7811
5311 7812
4839 7813
2540 7814
7169 7815
7550 7816
2638 7817
2236 7818
3716 7819
2535 7820
546 7821
5925 7822
4296 7823
4969 7824
1187 7825
3756 7826
6243 7827
7738 7828
1622 7829
1934 7830
2833 7831
4125 7832
31 7833
823 7834
7330 7835
2104 7836
7692 7837
823 7838
5703 7839
1508 7840
4904 7841
3261 7842
918 7843
1968 7844
3213 7845
5235 7846
416 7847
5025 7848
1610 7849
3056 7850
975 7851
5166 7852
4984 7853
6084 7854
5532 7855
6402 7856
7693 7857
2869 7858
3225 7859
5503 7860
5143 7861
2416 7862
2481 7863
6086 7864
6603 7865
2733 7866
7584 7867
2841 7868
3156 7869
1960 7870
2049 7871
4327 7872
6745 7873
5363 7874
4032 7875
5578 7876
7498 7877
1967 7878
1535 7879
1943 7880
368 7881
3241 7882
7370 7883
7289 7884
2714 7885
6416 7886
3820 7887
4996 7888
6372 7889
836 7890
3635 7891
222 7892
3427 7893
7714 7894
101 7895
3189 7896
2227 7897
7552 7898
3504 7899
6837 7900
6524 7901
5505 7902
3706 7903
715 7904
641 7905
6473 7906
2091 7907
4036 7908
3486 7909
6435 7910
6843 7911
947 7912
7287 7913
1977 7914
1891 7915
955 7916
1466 7917
7687 7918
5167 7919
4065 7920
3703 7921
6220 7922
6264 7923
4868 7924
1339 7925
2985 7926
4883 7927
1700 7928
3412 7929
7587 7930
2984 7931
4253 7932
1094 7933
247 7934
1404 7935
2118 7936
965 7937
1371 7938
1705 7939
358 7940
6468 7941
4410 7942
218 7943
6003 7944
7492 7945
7737 7946
1020 7947
889 7948
3827 7949
5941 7950
2888 7951
878 7952
3892 7953
2708 7954
285 7955
3564 7956
801 7957
5213 7958
2333 7959
5289 7960
1704 7961
4692 7962
2031 7963
5411 7964
5679 7965
2793 7966
2802 7967
6155 7968
4573 7969
2631 7970
5337 7971
841 7972
7891 7973
1043 7974
1285 7975
2097 7976
6627 7977
357 7978
4542 7979
1 7980
1879 7981
4140 7982
6794 7983
4063 7984
3092 7985
6932 7986
345 7987
1183 7988
485 7989
7539 7990
1605 7991
2382 7992
5688 7993
3489 7994
4023 7995
2390 7996
24 7997
953 7998
3144 7999
4238 8000
2943 8001
2548 8002
2617 8003
4968 8004
1875 8005
6191 8006
7136 8007
4010 8008
4930 8009
7305 8010
7495 8011
2567 8012
7706 8013
456 8014
6701 8015
5656 8016
1615 8017
7752 8018
583 8019
3208 8020
3011 8021
948 8022
649 8023
7456 8024
3047 8025
5658 8026
3082 8027
2383 8028
4103 8029
5548 8030
2578 8031
7490 8032
5393 8033
5214 8034
5782 8035
7968 8036
1716 8037
1816 8038
4035 8039
3970 8040
5914 8041
6884 8042
1589 8043
1054 8044
4798 8045
1983 8046
5484 8047
2333 8048
595 8049
790 8050
5905 8051
2451 8052
1290 8053
498 8054
4611 8055
3659 8056
1631 8057
299 8058
7449 8059
173 8060
2192 8061
4303 8062
374 8063
285 8064
3183 8065
4929 8066
606 8067
744 8068
361 8069
2080 8070
7536 8071
2941 8072
6667 8073
6250 8074
2425 8075
6026 8076
2458 8077
2536 8078
7789 8079
5346 8080
561 8081
5236 8082
3567 8083
2317 8084
2746 8085
6744 8086
2301 8087
6411 8088
4224 8089
5271 8090
915 8091
5725 8092
3301 8093
3072 8094
3609 8095
2225 8096
5870 8097
1068 8098
3707 8099
1245 8100
5433 8101
5042 8102
7448 8103
407 8104
5156 8105
2371 8106
3007 8107
2228 8108
2485 8109
2497 8110
4194 8111
6491 8112
3467 8113
719 8114
1705 8115
3369 8116
5207 8117
7917 8118
1240 8119
4684 8120
6743 8121
4170 8122
7065 8123
6481 8124
6137 8125
4790 8126
4562 8127
275 8128
2892 8129
1195 8130
4041 8131
4357 8132
2546 8133
3456 8134
1988 8135
3588 8136
1483 8137
499 8138
1141 8139
7983 8140
4563 8141
3848 8142
5105 8143
6140 8144
4432 8145
6475 8146
5626 8147
2732 8148
2730 8149
3995 8150
1127 8151
6770 8152
5215 8153
577 8154
6688 8155
2276 8156
3805 8157
868 8158
5442 8159
3447 8160
6242 8161
4132 8162
3896 8163
8019 8164
2139 8165
4342 8166
4184 8167
1816 8168
5409 8169
7110 8170
5669 8171
1119 8172
2895 8173
3484 8174
571 8175
3016 8176
2923 8177
2782 8178
2407 8179
1689 8180
3702 8181
4015 8182
807 8183
4064 8184
1371 8185
6380 8186
3136 8187
4283 8188
1191 8189
1913 8190
4924 8191
3912 8192
411 8193
3438 8194
4334 8195
4992 8196
830 8197
5614 8198
7073 8199
5990 8200
7551 8201
8057 8202
6593 8203
1357 8204
1662 8205
824 8206
479 8207
277 8208
2251 8209
7449 8210
2200 8211
2984 8212
5116 8213
204 8214
6989 8215
3932 8216
80 8217
4005 8218
228 8219
2369 8220
2544 8221
4236 8222
6448 8223
4181 8224
3433 8225
6693 8226
7692 8227
7831 8228
6956 8229
7499 8230
3997 8231
2844 8232
2021 8233
7043 8234
3690 8235
6893 8236
6567 8237
4359 8238
7548 8239
4501 8240
3144 8241
418 8242
8211 8243
5314 8244
3669 8245
1759 8246
412 8247
5441 8248
2203 8249
4489 8250
7329 8251
4831 8252
5422 8253
6489 8254
2831 8255
439 8256
1128 8257
4881 8258
4197 8259
5165 8260
4584 8261
242 8262
1424 8263
708 8264
5720 8265
5787 8266
7446 8267
85 8268
6342 8269
6147 8270
7691 8271
3070 8272
4291 8273
6486 8274
5014 8275
3130 8276
6415 8277
3908 8278
1321 8279
7930 8280
6987 8281
4984 8282
6085 8283
7124 8284
1382 8285
5696 8286
3179 8287
3403 8288
3980 8289
5669 8290
176 8291
3188 8292
5047 8293
7538 8294
5410 8295
3036 8296
4591 8297
3698 8298
6409 8299
6648 8300
3288 8301
3923 8302
5721 8303
5282 8304
2018 8305
4045 8306
1435 8307
3217 8308
2582 8309
3732 8310
8226 8311
4940 8312
7050 8313
3326 8314
2869 8315
2552 8316
3458 8317
6018 8318
299 8319
4645 8320
1413 8321
3021 8322
380 8323
6863 8324
5575 8325
6185 8326
2646 8327
6422 8328
4541 8329
1023 8330
4986 8331
4431 8332
5621 8333
3302 8334
7408 8335
6710 8336
2895 8337
6513 8338
3359 8339
4102 8340
8268 8341
932 8342
5696 8343
3140 8344
3046 8345
2817 8346
917 8347
3776 8348
1231 8349
7458 8350
247 8351
1080 8352
2248 8353
1113 8354
6006 8355
4603 8356
5982 8357
2120 8358
764 8359
4727 8360
3218 8361
5675 8362
7911 8363
2936 8364
6682 8365
7856 8366
426 8367
3614 8368
3914 8369
3743 8370
7372 8371
6817 8372
6157 8373
6010 8374
3249 8375
8236 8376
6228 8377
8047 8378
4538 8379
3911 8380
7487 8381
5391 8382
4600 8383
378 8384
6415 8385
1365 8386
4072 8387
3663 8388
3427 8389
250 8390
5229 8391
3923 8392
1002 8393
1159 8394
4034 8395
2935 8396
5223 8397
4442 8398
5469 8399
5438 8400
2712 8401
4710 8402
2225 8403
563 8404
8114 8405
3757 8406
4563 8407
4801 8408
8191 8409
7129 8410
2909 8411
6961 8412
6254 8413
4868 8414
4303 8415
3101 8416
6606 8417
4616 8418
4719 8419
2868 8420
5060 8421
1613 8422
5954 8423
3470 8424
7095 8425
8019 8426
2555 8427
6566 8428
2208 8429
1301 8430
6780 8431
8218 8432
6402 8433
4029 8434
6989 8435
7739 8436
4891 8437
4503 8438
6874 8439
4231 8440
2900 8441
1140 8442
6812 8443
5363 8444
22 8445
4691 8446
2066 8447
7255 8448
4987 8449
3537 8450
6392 8451
4097 8452
6970 8453
4932 8454
6000 8455
876 8456
3166 8457
2625 8458
7318 8459
4231 8460
5676 8461
258 8462
4368 8463
3110 8464
2570 8465
5355 8466
1853 8467
2966 8468
6160 8469
3455 8470
459 8471
5922 8472
7675 8473
3192 8474
7175 8475
5265 8476
6587 8477
5402 8478
4198 8479
5210 8480
488 8481
2325 8482
4856 8483
4126 8484
3495 8485
2784 8486
1082 8487
753 8488
2297 8489
2162 8490
4580 8491
5830 8492
1344 8493
8071 8494
5130 8495
757 8496
7269 8497
8095 8498
3918 8499
5495 8500
5090 8501
7799 8502
3418 8503
3557 8504
3257 8505
5319 8506
1475 8507
5226 8508
3577 8509
2466 8510
7994 8511
475 8512
4262 8513
2778 8514
7994 8515
7572 8516
7525 8517
3557 8518
2341 8519
4593 8520
4754 8521
6846 8522
8326 8523
5418 8524
7631 8525
1810 8526
1324 8527
7293 8528
6380 8529
3638 8530
2189 8531
7215 8532
1268 8533
8165 8534
6429 8535
2222 8536
4772 8537
1229 8538
212 8539
4278 8540
6279 8541
2186 8542
3656 8543
5646 8544
6441 8545
748 8546
8238 8547
1050 8548
1180 8549
1188 8550
7899 8551
6432 8552
835 8553
4521 8554
3649 8555
2699 8556
8398 8557
6076 8558
7055 8559
5376 8560
1329 8561
2828 8562
216 8563
8356 8564
1952 8565
2859 8566
562 8567
8064 8568
1576 8569
208 8570
7379 8571
3957 8572
5163 8573
129 8574
3329 8575
4519 8576
204 8577
7381 8578
8056 8579
4657 8580
2905 8581
2318 8582
3015 8583
7217 8584
4927 8585
2736 8586
4942 8587
206 8588
5827 8589
6106 8590
1647 8591
6660 8592
4054 8593
4945 8594
1491 8595
5653 8596
5356 8597
1600 8598
5168 8599
4502 8600
4436 8601
2765 8602
5050 8603
2380 8604
4229 8605
6916 8606
2267 8607
2874 8608
2854 8609
8350 8610
4111 8611
5032 8612
707 8613
4831 8614
1635 8615
114 8616
3988 8617
8119 8618
1096 8619
5666 8620
5505 8621
7889 8622
4228 8623
4843 8624
1906 8625
834 8626
3320 8627
4271 8628
5317 8629
3603 8630
4067 8631
5414 8632
1190 8633
8272 8634
8524 8635
7823 8636
4599 8637
207 8638
4597 8639
2266 8640
6984 8641
7258 8642
8155 8643
3899 8644
3239 8645
5004 8646
4577 8647
8421 8648
5608 8649
1046 8650
7573 8651
6120 8652
6844 8653
184 8654
4081 8655
490 8656
2509 8657
7671 8658
6234 8659
5893 8660
2415 8661
5881 8662
3515 8663
5122 8664
1744 8665
6571 8666
2815 8667
5525 8668
4557 8669
2983 8670
36 8671
7485 8672
4138 8673
5268 8674
3778 8675
6251 8676
5628 8677
7896 8678
7934 8679
335 8680
4077 8681
2568 8682
5491 8683
3911 8684
3360 8685
5533 8686
2408 8687
6149 8688
4849 8689
2275 8690
8494 8691
1544 8692
8092 8693
5016 8694
8031 8695
4303 8696
5559 8697
5161 8698
3059 8699
7262 8700
2744 8701
4747 8702
7950 8703
1686 8704
173 8705
6678 8706
1821 8707
4235 8708
5872 8709
4807 8710
687 8711
5188 8712
5112 8713
8083 8714
813 8715
5760 8716
7488 8717
6305 8718
4362 8719
7088 8720
5351 8721
2148 8722
6565 8723
1874 8724
3851 8725
2792 8726
4672 8727
3033 8728
8302 8729
1294 8730
8231 8731
6267 8732
2503 8733
6337 8734
3911 8735
56 8736
5297 8737
8080 8738
129 8739
1880 8740
5931 8741
1976 8742
8098 8743
7504 8744
8006 8745
707 8746
5845 8747
4217 8748
2606 8749
6213 8750
387 8751
5375 8752
676 8753
5988 8754
5247 8755
6650 8756
3283 8757
6410 8758
3914 8759
5012 8760
2848 8761
3429 8762
7279 8763
4219 8764
3971 8765
4026 8766
6931 8767
3704 8768
6035 8769
4006 8770
7481 8771
5713 8772
7538 8773
4336 8774
3939 8775
7023 8776
6022 8777
2217 8778
7171 8779
2773 8780
706 8781
1745 8782
6992 8783
8166 8784
5897 8785
506 8786
1463 8787
3933 8788
4245 8789
528 8790
4128 8791
1532 8792
1026 8793
1314 8794
1250 8795
4722 8796
3450 8797
8697 8798
6122 8799
5835 8800
4621 8801
8300 8802
5609 8803
5706 8804
7757 8805
7364 8806
5952 8807
2957 8808
2552 8809
1867 8810
4216 8811
7105 8812
1442 8813
1858 8814
6411 8815
7801 8816
1882 8817
324 8818
5360 8819
5130 8820
822 8821
2372 8822
7532 8823
6669 8824
4168 8825
5879 8826
4811 8827
789 8828
6964 8829
4566 8830
8555 8831
419 8832
4303 8833
843 8834
2037 8835
6080 8836
5670 8837
1775 8838
7848 8839
7782 8840
6737 8841
4765 8842
6355 8843
6971 8844
6975 8845
1343 8846
8340 8847
2891 8848
6527 8849
184 8850
2224 8851
7346 8852
3600 8853
2050 8854
7027 8855
2451 8856
5962 8857
3033 8858
4977 8859
111 8860
8419 8861
1808 8862
5254 8863
4277 8864
7347 8865
8457 8866
6798 8867
1334 8868
4048 8869
4259 8870
1613 8871
750 8872
402 8873
2550 8874
7228 8875
6863 8876
430 8877
4290 8878
622 8879
2594 8880
1648 8881
3668 8882
5513 8883
7936 8884
4199 8885
3628 8886
4642 8887
3625 8888
8725 8889
1978 8890
3913 8891
873 8892
782 8893
2054 8894
7857 8895
2229 8896
3322 8897
7726 8898
5216 8899
8309 8900
3932 8901
3284 8902
2129 8903
3632 8904
1181 8905
5556 8906
4501 8907
5604 8908
2932 8909
8546 8910
1442 8911
1152 8912
115 8913
3892 8914
1164 8915
7040 8916
8683 8917
3108 8918
7522 8919
4205 8920
8364 8921
1094 8922
7527 8923
98 8924
7458 8925
7844 8926
4567 8927
2775 8928
774 8929
3517 8930
221 8931
6768 8932
2279 8933
6821 8934
4683 8935
3034 8936
2593 8937
2957 8938
2247 8939
1502 8940
537 8941
276 8942
257 8943
4763 8944
4884 8945
4953 8946
7646 8947
8475 8948
228 8949
7720 8950
5615 8951
3649 8952
1906 8953
7779 8954
4507 8955
1050 8956
701 8957
8549 8958
2711 8959
8015 8960
2768 8961
8552 8962
72 8963
2159 8964
2612 8965
6809 8966
6318 8967
2094 8968
5836 8969
19 8970
8028 8971
1814 8972
8934 8973
156 8974
3280 8975
3525 8976
1144 8977
5386 8978
3314 8979
2556 8980
4776 8981
4808 8982
3130 8983
963 8984
3124 8985
333 8986
5379 8987
22 8988
541 8989
1704 8990
4492 8991
368 8992
6140 8993
3632 8994
8593 8995
1235 8996
8068 8997
7755 8998
3069 8999
6434 9000
6107 9001
1339 9002
4206 9003
5783 9004
3232 9005
5191 9006
1458 9007
3059 9008
3475 9009
999 9010
951 9011
4599 9012
6341 9013
8296 9014
1185 9015
5613 9016
1245 9017
1743 9018
2347 9019
8242 9020
8973 9021
6469 9022
8666 9023
7632 9024
5768 9025
6725 9026
3424 9027
2807 9028
1882 9029
7028 9030
9002 9031
4936 9032
2953 9033
6260 9034
7608 9035
6873 9036
4418 9037
8800 9038
8755 9039
1561 9040
2208 9041
5380 9042
8838 9043
8129 9044
8085 9045
6240 9046
8593 9047
1292 9048
6756 9049
7688 9050
7330 9051
3248 9052
2653 9053
7693 9054
496 9055
5922 9056
7439 9057
2249 9058
8223 9059
2840 9060
9017 9061
1298 9062
2175 9063
1005 9064
2059 9065
3715 9066
2673 9067
4589 9068
7584 9069
5194 9070
5226 9071
8475 9072
2816 9073
815 9074
6526 9075
2130 9076
2902 9077
4630 9078
4411 9079
4724 9080
4612 9081
1945 9082
5958 9083
8006 9084
5167 9085
8283 9086
4272 9087
5017 9088
8552 9089
1069 9090
2186 9091
4929 9092
7885 9093
3141 9094
7518 9095
4877 9096
1500 9097
4742 9098
5667 9099
974 9100
5606 9101
8847 9102
8917 9103
7501 9104
7531 9105
2404 9106
7773 9107
3681 9108
5234 9109
1950 9110
7868 9111
1969 9112
2290 9113
5768 9114
1601 9115
8060 9116
1986 9117
8074 9118
1556 9119
7370 9120
8246 9121
9108 9122
2898 9123
6659 9124
8072 9125
2110 9126
5889 9127
6948 9128
8408 9129
3134 9130
7763 9131
8469 9132
6530 9133
2129 9134
1876 9135
483 9136
4029 9137
1162 9138
364 9139
8090 9140
4382 9141
3874 9142
7474 9143
7695 9144
4389 9145
73 9146
5593 9147
6437 9148
7897 9149
4490 9150
5341 9151
3978 9152
3428 9153
6999 9154
8975 9155
4772 9156
2305 9157
5876 9158
6720 9159
5294 9160
7388 9161
4900 9162
1418 9163
2589 9164
1006 9165
5694 9166
7997 9167
8385 9168
3430 9169
4817 9170
7745 9171
7721 9172
6622 9173
4212 9174
233 9175
4506 9176
2496 9177
732 9178
395 9179
6777 9180
7224 9181
417 9182
7379 9183
6635 9184
1038 9185
8515 9186
6041 9187
1987 9188
309 9189
4652 9190
5944 9191
6478 9192
3650 9193
3048 9194
7695 9195
3651 9196
8653 9197
7759 9198
7999 9199
5914 9200
4160 9201
8233 9202
8064 9203
4079 9204
533 9205
5249 9206
3191 9207
118 9208
8358 9209
7924 9210
1272 9211
6137 9212
5494 9213
4199 9214
8896 9215
4738 9216
8009 9217
5113 9218
1174 9219
7789 9220
7034 9221
4659 9222
4625 9223
3882 9224
2100 9225
7050 9226
1334 9227
6702 9228
8401 9229
6276 9230
5 9231
6836 9232
5293 9233
3525 9234
1332 9235
9028 9236
970 9237
499 9238
4507 9239
8222 9240
6916 9241
4094 9242
5100 9243
6436 9244
4406 9245
5141 9246
6166 9247
547 9248
5252 9249
6746 9250
4196 9251
173 9252
8386 9253
8419 9254
3786 9255
6053 9256
2432 9257
2902 9258
4030 9259
5642 9260
3844 9261
6203 9262
6668 9263
6097 9264
561 9265
4389 9266
1852 9267
1427 9268
1766 9269
8774 9270
3867 9271
4216 9272
8995 9273
319 9274
8720 9275
6126 9276
8972 9277
5735 9278
4462 9279
8482 9280
8717 9281
3945 9282
1531 9283
7284 9284
3089 9285
4579 9286
3919 9287
7314 9288
2106 9289
5524 9290
8792 9291
5060 9292
641 9293
751 9294
5472 9295
199 9296
2057 9297
3806 9298
5277 9299
3516 9300
9252 9301
1499 9302
2196 9303
4470 9304
4866 9305
7365 9306
1995 9307
6940 9308
7809 9309
2347 9310
3341 9311
4754 9312
7813 9313
8767 9314
2122 9315
4928 9316
3046 9317
8910 9318
7902 9319
1007 9320
2565 9321
6157 9322
4041 9323
231 9324
8350 9325
3839 9326
2252 9327
3464 9328
4161 9329
4916 9330
9189 9331
2547 9332
9147 9333
3555 9334
1291 9335
3862 9336
3090 9337
2078 9338
1503 9339
7394 9340
2633 9341
4394 9342
6233 9343
3593 9344
1272 9345
2272 9346
5204 9347
6184 9348
312 9349
1784 9350
521 9351
6598 9352
2641 9353
7421 9354
4585 9355
7179 9356
1187 9357
7476 9358
5845 9359
8873 9360
8310 9361
1923 9362
8468 9363
5649 9364
6141 9365
8080 9366
7915 9367
6738 9368
3912 9369
3730 9370
6457 9371
6379 9372
5016 9373
5809 9374
5082 9375
2746 9376
3361 9377
6184 9378
4797 9379
9281 9380
4005 9381
8184 9382
4300 9383
740 9384
5603 9385
4335 9386
3698 9387
3653 9388
8231 9389
6979 9390
1552 9391
5486 9392
134 9393
9002 9394
7284 9395
7446 9396
1187 9397
1411 9398
6122 9399
8143 9400
6074 9401
5918 9402
8203 9403
2455 9404
58 9405
8553 9406
7063 9407
3672 9408
8314 9409
7395 9410
399 9411
5158 9412
51 9413
6585 9414
4845 9415
1389 9416
209 9417
7315 9418
532 9419
2481 9420
9334 9421
8486 9422
2930 9423
8875 9424
893 9425
8122 9426
8770 9427
9129 9428
7216 9429
7185 9430
8449 9431
5937 9432
4904 9433
5220 9434
4691 9435
5678 9436
6570 9437
2619 9438
1477 9439
1593 9440
2456 9441
1766 9442
7105 9443
1988 9444
4105 9445
1703 9446
1901 9447
8781 9448
3723 9449
6375 9450
1912 9451
8118 9452
811 9453
6565 9454
9268 9455
2436 9456
2367 9457
6786 9458
4227 9459
9154 9460
5460 9461
4131 9462
3523 9463
76 9464
9182 9465
1242 9466
4971 9467
8549 9468
9422 9469
3315 9470
8805 9471
9007 9472
2264 9473
8302 9474
191 9475
30 9476
9468 9477
7975 9478
5602 9479
2688 9480
6059 9481
396 9482
8242 9483
2296 9484
3143 9485
9379 9486
1681 9487
6349 9488
1544 9489
1567 9490
8337 9491
6126 9492
3686 9493
9118 9494
274 9495
4412 9496
5854 9497
3237 9498
8768 9499
168 9500
4092 9501
2987 9502
8788 9503
5615 9504
1896 9505
1002 9506
3748 9507
4836 9508
6179 9509
8584 9510
4666 9511
8610 9512
6814 9513
402 9514
7024 9515
6083 9516
419 9517
7595 9518
4817 9519
393 9520
8032 9521
2014 9522
6296 9523
4384 9524
7006 9525
7406 9526
3463 9527
3005 9528
8681 9529
5923 9530
2712 9531
7777 9532
5795 9533
2014 9534
7467 9535
3501 9536
9486 9537
5196 9538
2409 9539
8139 9540
8135 9541
7348 9542
7101 9543
6407 9544
2971 9545
5161 9546
9115 9547
1088 9548
2468 9549
3808 9550
6248 9551
2638 9552
4158 9553
5660 9554
4793 9555
4556 9556
6410 9557
6623 9558
8208 9559
1482 9560
3730 9561
7418 9562
5434 9563
2479 9564
1311 9565
688 9566
7335 9567
477 9568
6684 9569
8616 9570
2548 9571
9338 9572
3805 9573
100 9574
4004 9575
2818 9576
7770 9577
7069 9578
7637 9579
5951 9580
8115 9581
4317 9582
7315 9583
4798 9584
8408 9585
5533 9586
3059 9587
6991 9588
1612 9589
2114 9590
3674 9591
4169 9592
714 9593
238 9594
2716 9595
4423 9596
7331 9597
4787 9598
6329 9599
2803 9600
5230 9601
3006 9602
9602 9603
8726 9604
6473 9605
7163 9606
9396 9607
105 9608
9244 9609
8227 9610
5080 9611
6803 9612
4293 9613
9294 9614
9564 9615
4815 9616
8798 9617
1371 9618
8345 9619
8892 9620
9378 9621
6109 9622
6284 9623
9356 9624
6385 9625
5926 9626
953 9627
5083 9628
7905 9629
4615 9630
5193 9631
7555 9632
9431 9633
4947 9634
9125 9635
6834 9636
3379 9637
8537 9638
2478 9639
966 9640
5038 9641
355 9642
9023 9643
4848 9644
6976 9645
7624 9646
6910 9647
3971 9648
3715 9649
9573 9650
3988 9651
3172 9652
2169 9653
858 9654
1474 9655
8025 9656
2382 9657
8609 9658
3382 9659
5707 9660
3721 9661
263 9662
8622 9663
1441 9664
662 9665
7485 9666
7707 9667
2630 9668
385 9669
8359 9670
3224 9671
3863 9672
6459 9673
3423 9674
1806 9675
842 9676
896 9677
7894 9678
1857 9679
4511 9680
5093 9681
849 9682
731 9683
4042 9684
9134 9685
9469 9686
4175 9687
978 9688
978 9689
8661 9690
2371 9691
753 9692
6218 9693
140 9694
3696 9695
9120 9696
1857 9697
4628 9698
4282 9699
1419 9700
1874 9701
3170 9702
7301 9703
5758 9704
6900 9705
8202 9706
9124 9707
8458 9708
2768 9709
6990 9710
5225 9711
711 9712
690 9713
6196 9714
1712 9715
5323 9716
2491 9717
1981 9718
6543 9719
4828 9720
4599 9721
3794 9722
5700 9723
3676 9724
167 9725
3623 9726
7741 9727
86 9728
8508 9729
4245 9730
3181 9731
4972 9732
4291 9733
896 9734
1856 9735
2008 9736
1782 9737
106 9738
7750 9739
3348 9740
6327 9741
9451 9742
135 9743
3327 9744
3608 9745
1760 9746
7102 9747
9102 9748
5861 9749
6119 9750
6917 9751
427 9752
546 9753
9318 9754
5848 9755
169 9756
3036 9757
2798 9758
9726 9759
5941 9760
3850 9761
7006 9762
6244 9763
5198 9764
4352 9765
7584 9766
2124 9767
5513 9768
3120 9769
3213 9770
4093 9771
6551 9772
6595 9773
7362 9774
7082 9775
6107 9776
9568 9777
6213 9778
5743 9779
5163 9780
1077 9781
7718 9782
6783 9783
7715 9784
6559 9785
5537 9786
7328 9787
9402 9788
9726 9789
9714 9790
7174 9791
6579 9792
6473 9793
6989 9794
189 9795
4628 9796
6406 9797
5951 9798
2854 9799
6693 9800
5695 9801
9326 9802
207 9803
8691 9804
1039 9805
1815 9806
823 9807
6447 9808
3253 9809
3928 9810
6315 9811
7895 9812
9394 9813
6672 9814
4047 9815
1584 9816
1178 9817
3743 9818
4376 9819
3611 9820
9580 9821
3530 9822
3129 9823
4866 9824
1647 9825
7221 9826
4969 9827
1666 9828
2002 9829
5134 9830
9034 9831
9512 9832
5281 9833
641 9834
1059 9835
5325 9836
6455 9837
6669 9838
8138 9839
5519 9840
7286 9841
6007 9842
8422 9843
2129 9844
6378 9845
6302 9846
3883 9847
3790 9848
2004 9849
4677 9850
1332 9851
8555 9852
3177 9853
5390 9854
6631 9855
8663 9856
1384 9857
3210 9858
6466 9859
2965 9860
3462 9861
4975 9862
3087 9863
1190 9864
6004 9865
7282 9866
1809 9867
4900 9868
7060 9869
7289 9870
8710 9871
9326 9872
8578 9873
1142 9874
549 9875
9701 9876
3074 9877
1199 9878
4659 9879
8977 9880
3788 9881
2476 9882
8512 9883
7490 9884
8993 9885
8337 9886
4800 9887
2950 9888
2747 9889
6092 9890
9651 9891
1948 9892
4957 9893
6775 9894
2740 9895
3130 9896
1075 9897
750 9898
5820 9899
7396 9900
5025 9901
6463 9902
9818 9903
5842 9904
8456 9905
6457 9906
7403 9907
1860 9908
688 9909
8351 9910
3795 9911
3581 9912
5565 9913
9892 9914
1363 9915
6853 9916
6648 9917
2050 9918
2829 9919
6563 9920
857 9921
980 9922
3042 9923
9328 9924
6636 9925
8095 9926
405 9927
6602 9928
1085 9929
149 9930
3932 9931
7110 9932
9435 9933
3034 9934
4142 9935
7469 9936
4616 9937
1062 9938
8613 9939
6753 9940
119 9941
1669 9942
2085 9943
9685 9944
1685 9945
5863 9946
9878 9947
2891 9948
3676 9949
5781 9950
6206 9951
2050 9952
4622 9953
12 9954
5425 9955
7260 9956
4758 9957
5737 9958
8967 9959
1960 9960
2378 9961
2505 9962
5429 9963
9609 9964
5406 9965
9631 9966
2367 9967
2885 9968
6950 9969
8908 9970
8822 9971
7893 9972
847 9973
9316 9974
4558 9975
9799 9976
4530 9977
5449 9978
9060 9979
2876 9980
9001 9981
4549 9982
8895 9983
1527 9984
9707 9985
6426 9986
6257 9987
8272 9988
937 9989
5316 9990
5199 9991
3978 9992
9858 9993
1832 9994
1654 9995
8410 9996
1199 9997
1720 9998
2067 9999
8092 10000
102 10001
7572 10002
7527 10003
8115 10004
7066 10005
232 10006
3466 10007
4941 10008
8513 10009
2622 10010
6382 10011
5213 10012
8227 10013
3461 10014
7791 10015
2102 10016
2331 10017
3716 10018
5363 10019
193 10020
5285 10021
2849 10022
5036 10023
8386 10024
8287 10025
4981 10026
9148 10027
9724 10028
5360 10029
2992 10030
5702 10031
2727 10032
139 10033
480 10034
2496 10035
9068 10036
4112 10037
2026 10038
5985 10039
2468 10040
6193 10041
2937 10042
6040 10043
5081 10044
6712 10045
2293 10046
1120 10047
8690 10048
5840 10049
2393 10050
10043 10051
7434 10052
5221 10053
5154 10054
3001 10055
5493 10056
9215 10057
2538 10058
692 10059
8467 10060
8601 10061
798 10062
6307 10063
1242 10064
318 10065
7114 10066
9339 10067
6671 10068
6851 10069
7421 10070
1336 10071
7352 10072
8738 10073
4231 10074
4795 10075
517 10076
4012 10077
920 10078
8099 10079
4865 10080
6547 10081
6003 10082
2516 10083
8376 10084
2906 10085
9386 10086
6971 10087
6056 10088
1929 10089
7949 10090
1585 10091
976 10092
6531 10093
44 10094
2222 10095
4681 10096
8038 10097
4066 10098
7146 10099
9524 10100
3462 10101
9359 10102
3453 10103
7109 10104
3407 10105
108 10106
9719 10107
1260 10108
2012 10109
2295 10110
1556 10111
693 10112
1567 10113
6804 10114
1082 10115
1858 10116
2167 10117
8478 10118
9682 10119
2093 10120
7531 10121
1583 10122
9010 10123
7323 10124
6324 10125
5989 10126
8837 10127
9464 10128
6302 10129
334 10130
4563 10131
9004 10132
1941 10133
6029 10134
921 10135
9927 10136
6953 10137
6468 10138
10102 10139
83 10140
5286 10141
9177 10142
2772 10143
5572 10144
1803 10145
7593 10146
3724 10147
5529 10148
2423 10149
7290 10150
7817 10151
5649 10152
4629 10153
4932 10154
6857 10155
7782 10156
4960 10157
6474 10158
27 10159
2091 10160
7723 10161
4571 10162
3510 10163
7982 10164
578 10165
9230 10166
2247 10167
2466 10168
5761 10169
2633 10170
2134 10171
2509 10172
5940 10173
406 10174
3812 10175
6112 10176
5488 10177
3560 10178
1769 10179
7056 10180
3007 10181
4443 10182
9452 10183
6823 10184
5297 10185
7566 10186
1895 10187
5200 10188
497 10189
9949 10190
5482 10191
3894 10192
5944 10193
4519 10194
6554 10195
2855 10196
3647 10197
8412 10198
9276 10199
7746 10200
6411 10201
8245 10202
1151 10203
5326 10204
880 10205
3485 10206
4260 10207
5886 10208
836 10209
1027 10210
9443 10211
6983 10212
6820 10213
7982 10214
2185 10215
4413 10216
6910 10217
9120 10218
9180 10219
8390 10220
9670 10221
5129 10222
10155 10223
7740 10224
4515 10225
2168 10226
527 10227
2906 10228
6848 10229
5810 10230
9870 10231
4003 10232
1578 10233
1589 10234
2591 10235
255 10236
7067 10237
6361 10238
5105 10239
7186 10200

