1280
0 1
0 2
0 3
0 4
1 5
0 6
4 7
1 8
8 9
2 10
9 11
6 12
8 13
1 14
2 15
1 16
14 17
4 18
7 19
17 20
16 21
16 22
13 23
5 24
22 25
24 26
16 27
1 28
13 29
17 30
3 31
29 32
5 33
30 34
25 35
19 36
20 37
16 38
34 39
9 40
37 41
1 42
15 43
17 44
34 45
36 46
23 47
12 48
22 49
23 50
29 51
10 52
2 53
10 54
48 55
46 56
4 57
45 58
55 59
58 60
55 61
49 62
25 63
30 64
54 65
35 66
60 67
4 68
14 69
20 70
13 71
27 72
2 73
8 74
27 75
56 76
4 77
58 78
72 79
8 80
77 81
14 82
26 83
35 84
37 85
23 86
53 87
15 88
68 89
26 90
14 91
16 92
81 93
35 94
84 95
67 96
40 97
8 98
29 99
7 100
54 101
25 102
50 103
23 104
80 105
19 106
11 107
27 108
93 109
80 110
59 111
42 112
94 113
91 114
97 115
49 116
37 117
36 118
76 119
74 120
27 121
46 122
97 123
20 124
13 125
57 126
58 127
88 128
125 129
92 130
120 131
76 132
5 133
116 134
3 135
40 136
33 137
37 138
128 139
78 140
54 141
17 142
122 143
102 144
23 145
59 146
59 147
75 148
2 149
119 150
117 151
61 152
22 153
93 154
31 155
18 156
7 157
109 158
60 159
104 160
59 161
113 162
88 163
92 164
120 165
138 166
113 167
105 168
29 169
155 170
49 171
164 172
171 173
21 174
34 175
48 176
83 177
21 178
69 179
74 180
4 181
126 182
164 183
147 184
40 185
26 186
11 187
49 188
24 189
112 190
134 191
116 192
167 193
118 194
72 195
159 196
101 197
162 198
91 199
8 200
178 201
165 202
17 203
49 204
107 205
143 206
73 207
12 208
61 209
47 210
29 211
170 212
172 213
2 214
54 215
160 216
215 217
49 218
175 219
178 220
53 221
212 222
38 223
205 224
198 225
115 226
137 227
129 228
212 229
18 230
35 231
72 232
145 233
133 234
22 235
211 236
15 237
127 238
89 239
79 240
192 241
116 242
165 243
226 244
40 245
153 246
126 247
72 248
230 249
32 250
211 251
109 252
181 253
9 254
71 255
118 256
46 257
100 258
186 259
193 260
203 261
91 262
250 263
101 264
236 265
51 266
53 267
104 268
60 269
97 270
42 271
43 272
252 273
264 274
247 275
220 276
141 277
1 278
7 279
247 280
92 281
151 282
220 283
225 284
199 285
241 286
100 287
180 288
9 289
182 290
162 291
8 292
148 293
155 294
253 295
36 296
104 297
36 298
143 299
228 300
266 301
141 302
149 303
22 304
79 305
65 306
195 307
237 308
279 309
168 310
171 311
82 312
77 313
144 314
1 315
251 316
28 317
150 318
261 319
41 320
249 321
57 322
165 323
58 324
161 325
306 326
289 327
151 328
150 329
15 330
253 331
161 332
125 333
275 334
76 335
243 336
111 337
191 338
55 339
144 340
138 341
16 342
281 343
99 344
333 345
239 346
213 347
23 348
188 349
291 350
162 351
90 352
142 353
182 354
192 355
246 356
239 357
51 358
233 359
92 360
271 361
20 362
250 363
133 364
96 365
264 366
326 367
166 368
179 369
18 370
336 371
83 372
179 373
15 374
180 375
312 376
18 377
273 378
203 379
68 380
148 381
234 382
211 383
60 384
261 385
321 386
207 387
373 388
278 389
246 390
331 391
230 392
17 393
261 394
184 395
200 396
144 397
46 398
231 399
83 400
1 401
61 402
87 403
178 404
115 405
34 406
106 407
100 408
139 409
163 410
25 411
83 412
281 413
107 414
6 415
226 416
185 417
277 418
379 419
390 420
378 421
258 422
124 423
57 424
148 425
57 426
426 427
108 428
50 429
343 430
54 431
95 432
0 433
68 434
97 435
47 436
36 437
19 438
285 439
51 440
7 441
89 442
315 443
380 444
199 445
112 446
122 447
96 448
221 449
201 450
243 451
154 452
292 453
242 454
17 455
249 456
292 457
272 458
175 459
99 460
420 461
133 462
140 463
44 464
118 465
288 466
138 467
396 468
39 469
14 470
85 471
225 472
101 473
281 474
314 475
14 476
77 477
321 478
301 479
10 480
201 481
105 482
394 483
453 484
210 485
286 486
37 487
162 488
48 489
189 490
55 491
65 492
317 493
312 494
285 495
432 496
179 497
482 498
344 499
209 500
453 501
207 502
378 503
147 504
115 505
408 506
278 507
282 508
170 509
346 510
174 511
30 512
102 513
246 514
20 515
179 516
378 517
16 518
159 519
1 520
33 521
155 522
266 523
368 524
206 525
169 526
90 527
238 528
502 529
147 530
71 531
336 532
107 533
102 534
425 535
91 536
393 537
226 538
209 539
276 540
114 541
132 542
435 543
211 544
531 545
285 546
345 547
391 548
438 549
193 550
371 551
161 552
292 553
404 554
38 555
266 556
536 557
288 558
77 559
122 560
435 561
272 562
383 563
139 564
476 565
0 566
219 567
551 568
82 569
28 570
126 571
371 572
20 573
421 574
242 575
282 576
348 577
211 578
119 579
426 580
568 581
385 582
302 583
101 584
530 585
103 586
481 587
55 588
309 589
393 590
165 591
456 592
346 593
117 594
562 595
266 596
339 597
43 598
1 599
386 600
581 601
497 602
44 603
200 604
134 605
57 606
445 607
604 608
448 609
81 610
379 611
371 612
161 613
154 614
235 615
91 616
50 617
280 618
585 619
544 620
401 621
338 622
339 623
253 624
331 625
449 626
197 627
87 628
617 629
577 630
304 631
240 632
498 633
227 634
540 635
355 636
68 637
544 638
315 639
367 640
590 641
321 642
629 643
215 644
475 645
506 646
8 647
278 648
204 649
371 650
477 651
477 652
496 653
373 654
290 655
347 656
40 657
9 658
510 659
576 660
266 661
344 662
270 663
181 664
497 665
317 666
344 667
303 668
463 669
480 670
227 671
38 672
461 673
84 674
4 675
394 676
375 677
169 678
7 679
267 680
32 681
534 682
145 683
486 684
384 685
393 686
588 687
680 688
93 689
306 690
370 691
489 692
19 693
458 694
205 695
405 696
662 697
687 698
653 699
81 700
527 701
162 702
276 703
278 704
54 705
622 706
289 707
387 708
253 709
463 710
397 711
436 712
240 713
315 714
236 715
498 716
364 717
582 718
534 719
535 720
141 721
9 722
142 723
439 724
464 725
5 726
318 727
701 728
278 729
387 730
598 731
528 732
326 733
80 734
542 735
657 736
291 737
331 738
610 739
32 740
501 741
632 742
389 743
391 744
243 745
47 746
530 747
506 748
455 749
307 750
175 751
460 752
676 753
346 754
645 755
214 756
36 757
598 758
711 759
288 760
700 761
756 762
226 763
201 764
130 765
24 766
108 767
621 768
552 769
397 770
343 771
598 772
380 773
407 774
74 775
414 776
663 777
184 778
209 779
657 780
250 781
583 782
457 783
139 784
144 785
508 786
554 787
618 788
477 789
599 790
267 791
361 792
208 793
739 794
769 795
156 796
47 797
506 798
364 799
60 800
192 801
612 802
332 803
444 804
709 805
676 806
199 807
791 808
340 809
261 810
452 811
777 812
220 813
33 814
535 815
328 816
293 817
676 818
795 819
18 820
799 821
768 822
527 823
62 824
611 825
326 826
316 827
745 828
129 829
88 830
484 831
532 832
652 833
261 834
754 835
116 836
775 837
229 838
583 839
685 840
693 841
601 842
246 843
575 844
76 845
14 846
287 847
135 848
772 849
243 850
220 851
551 852
519 853
817 854
331 855
578 856
11 857
50 858
427 859
87 860
829 861
329 862
734 863
616 864
307 865
44 866
788 867
466 868
667 869
309 870
493 871
356 872
372 873
199 874
745 875
242 876
797 877
680 878
690 879
109 880
352 881
350 882
788 883
700 884
670 885
100 886
689 887
114 888
357 889
708 890
231 891
43 892
628 893
641 894
783 895
300 896
438 897
602 898
30 899
88 900
33 901
240 902
104 903
649 904
900 905
418 906
539 907
264 908
455 909
324 910
628 911
557 912
315 913
573 914
564 915
355 916
25 917
722 918
318 919
368 920
468 921
685 922
36 923
832 924
12 925
142 926
24 927
661 928
64 929
56 930
925 931
796 932
828 933
689 934
857 935
262 936
915 937
324 938
113 939
118 940
0 941
414 942
29 943
411 944
517 945
637 946
918 947
778 948
710 949
933 950
585 951
882 952
355 953
874 954
700 955
659 956
905 957
770 958
344 959
917 960
771 961
43 962
584 963
2 964
232 965
404 966
151 967
497 968
886 969
572 970
154 971
243 972
445 973
88 974
420 975
619 976
602 977
301 978
934 979
729 980
263 981
339 982
633 983
618 984
12 985
70 986
568 987
492 988
824 989
343 990
393 991
482 992
727 993
156 994
831 995
316 996
286 997
841 998
741 999
837 1000
167 1001
783 1002
294 1003
876 1004
258 1005
37 1006
381 1007
833 1008
66 1009
872 1010
963 1011
221 1012
800 1013
828 1014
201 1015
718 1016
606 1017
601 1018
834 1019
711 1020
843 1021
644 1022
708 1023
14 1024
676 1025
221 1026
283 1027
356 1028
807 1029
458 1030
873 1031
550 1032
1032 1033
435 1034
39 1035
709 1036
906 1037
745 1038
217 1039
81 1040
78 1041
993 1042
230 1043
310 1044
792 1045
100 1046
217 1047
17 1048
506 1049
666 1050
65 1051
839 1052
185 1053
727 1054
1027 1055
48 1056
1009 1057
269 1058
759 1059
46 1060
88 1061
990 1062
585 1063
56 1064
410 1065
503 1066
903 1067
786 1068
6 1069
23 1070
493 1071
16 1072
465 1073
1033 1074
832 1075
127 1076
677 1077
754 1078
90 1079
408 1080
898 1081
662 1082
727 1083
209 1084
22 1085
351 1086
960 1087
857 1088
507 1089
913 1090
480 1091
24 1092
269 1093
1073 1094
380 1095
871 1096
741 1097
315 1098
1021 1099
978 1100
294 1101
128 1102
901 1103
657 1104
534 1105
732 1106
510 1107
114 1108
677 1109
56 1110
851 1111
117 1112
814 1113
462 1114
358 1115
228 1116
356 1117
179 1118
403 1119
126 1120
87 1121
933 1122
171 1123
180 1124
247 1125
84 1126
749 1127
312 1128
973 1129
614 1130
1006 1131
918 1132
216 1133
909 1134
818 1135
200 1136
408 1137
1097 1138
406 1139
244 1140
690 1141
892 1142
467 1143
78 1144
924 1145
139 1146
67 1147
985 1148
794 1149
674 1150
782 1151
1012 1152
153 1153
888 1154
1048 1155
78 1156
121 1157
567 1158
38 1159
613 1160
539 1161
80 1162
236 1163
377 1164
728 1165
543 1166
233 1167
425 1168
861 1169
1049 1170
675 1171
888 1172
983 1173
460 1174
643 1175
845 1176
691 1177
1 1178
651 1179
232 1180
866 1181
251 1182
729 1183
781 1184
1064 1185
446 1186
349 1187
964 1188
899 1189
628 1190
689 1191
516 1192
606 1193
41 1194
546 1195
216 1196
633 1197
492 1198
353 1199
40 1200
1132 1201
798 1202
865 1203
1016 1204
49 1205
690 1206
698 1207
448 1208
422 1209
489 1210
678 1211
196 1212
774 1213
252 1214
136 1215
31 1216
1187 1217
808 1218
1116 1219
459 1220
1065 1221
398 1222
948 1223
16 1224
548 1225
903 1226
1013 1227
819 1228
695 1229
1107 1230
12 1231
1049 1232
957 1233
104 1234
0 1235
757 1236
427 1237
83 1238
729 1239
594 1240
448 1241
996 1242
999 1243
58 1244
1100 1245
36 1246
420 1247
573 1248
780 1249
362 1250
1239 1251
990 1252
948 1253
989 1254
194 1255
949 1256
385 1257
929 1258
943 1259
865 1260
1148 1261
2 1262
1134 1263
385 1264
1052 1265
808 1266
643 1267
1186 1268
826 1269
1249 1270
1158 1271
903 1272
1039 1273
595 1274
302 1275
718 1276
138 1277
1211 1278
430 1279
251 1279