320
0 1
0 2
1 3
2 4
0 5
1 6
4 7
2 8
1 9
2 10
10 11
5 12
2 13
10 14
4 15
1 16
7 17
9 18
17 19
7 20
4 21
12 22
10 23
3 24
20 25
6 26
2 27
0 28
24 29
0 30
4 31
31 32
17 33
12 34
31 35
23 36
14 37
1 38
19 39
6 40
25 41
8 42
27 43
32 44
44 45
26 46
19 47
27 48
22 49
44 50
21 51
29 52
31 53
17 54
39 55
6 56
23 57
0 58
5 59
23 60
0 61
57 62
30 63
4 64
3 65
28 66
35 67
4 68
44 69
17 70
42 71
48 72
59 73
62 74
28 75
47 76
16 77
56 78
60 79
67 80
26 81
12 82
73 83
75 84
55 85
12 86
12 87
17 88
34 89
76 90
28 91
14 92
56 93
12 94
29 95
2 96
27 97
59 98
7 99
68 100
44 101
11 102
12 103
69 104
89 105
46 106
93 107
29 108
65 109
95 110
82 111
30 112
75 113
99 114
10 115
29 116
51 117
7 118
3 119
57 120
70 121
44 122
121 123
87 124
89 125
25 126
19 127
72 128
92 129
47 130
78 131
33 132
72 133
21 134
63 135
32 136
78 137
133 138
23 139
93 140
16 141
16 142
62 143
0 144
141 145
123 146
121 147
63 148
100 149
61 150
123 151
33 152
25 153
104 154
98 155
49 156
110 157
45 158
106 159
96 160
97 161
145 162
137 163
145 164
68 165
9 166
23 167
94 168
6 169
88 170
162 171
125 172
18 173
53 174
134 175
15 176
122 177
13 178
84 179
102 180
178 181
42 182
175 183
85 184
140 185
108 186
1 187
104 188
131 189
182 190
106 191
185 192
134 193
160 194
173 195
58 196
186 197
187 198
84 199
75 200
95 201
145 202
150 203
0 204
159 205
127 206
64 207
172 208
37 209
56 210
39 211
136 212
77 213
33 214
18 215
51 216
134 217
111 218
160 219
187 220
179 221
76 222
109 223
52 224
128 225
8 226
212 227
210 228
54 229
143 230
167 231
58 232
84 233
42 234
181 235
82 236
56 237
36 238
69 239
174 240
202 241
170 242
161 243
122 244
114 245
87 246
86 247
172 248
26 249
134 250
22 251
100 252
169 253
51 254
49 255
160 256
179 257
123 258
222 259
144 260
61 261
114 262
140 263
207 264
92 265
123 266
97 267
39 268
188 269
78 270
155 271
134 272
3 273
90 274
49 275
228 276
206 277
128 278
210 279
271 280
113 281
203 282
105 283
174 284
147 285
138 286
276 287
159 288
186 289
224 290
68 291
244 292
20 293
122 294
210 295
7 296
68 297
7 298
176 299
283 300
239 301
79 302
181 303
155 304
278 305
128 306
94 307
294 308
260 309
31 310
76 311
245 312
179 313
312 314
33 315
25 316
36 317
129 318
136 319
214 312
