2560
0 1
1 2
1 3
3 4
2 5
4 6
0 7
5 8
1 9
4 10
5 11
9 12
6 13
0 14
1 15
13 16
2 17
3 18
18 19
9 20
6 21
12 22
8 23
3 24
21 25
19 26
2 27
22 28
7 29
26 30
28 31
27 32
9 33
7 34
17 35
0 36
3 37
22 38
28 39
18 40
18 41
11 42
6 43
37 44
25 45
27 46
35 47
45 48
48 49
0 50
26 51
49 52
33 53
31 54
17 55
51 56
3 57
16 58
23 59
3 60
36 61
5 62
21 63
48 64
37 65
24 66
37 67
31 68
16 69
3 70
40 71
33 72
16 73
14 74
55 75
59 76
60 77
40 78
58 79
12 80
68 81
69 82
82 83
32 84
58 85
37 86
73 87
69 88
68 89
24 90
83 91
76 92
18 93
41 94
4 95
85 96
60 97
50 98
24 99
27 100
96 101
8 102
102 103
91 104
34 105
37 106
13 107
95 108
45 109
96 110
28 111
109 112
59 113
25 114
103 115
78 116
57 117
27 118
53 119
77 120
89 121
116 122
28 123
73 124
116 125
4 126
101 127
61 128
38 129
89 130
71 131
12 132
109 133
18 134
55 135
117 136
48 137
49 138
27 139
54 140
133 141
66 142
80 143
2 144
138 145
7 146
87 147
52 148
64 149
89 150
127 151
78 152
4 153
68 154
128 155
7 156
3 157
5 158
152 159
101 160
93 161
68 162
61 163
87 164
63 165
159 166
21 167
35 168
126 169
75 170
132 171
108 172
110 173
38 174
98 175
128 176
99 177
161 178
110 179
133 180
130 181
175 182
79 183
70 184
159 185
21 186
148 187
41 188
45 189
73 190
177 191
119 192
134 193
173 194
33 195
116 196
184 197
82 198
20 199
65 200
142 201
101 202
31 203
56 204
65 205
159 206
175 207
203 208
103 209
137 210
202 211
206 212
78 213
70 214
157 215
71 216
214 217
85 218
210 219
95 220
8 221
98 222
155 223
192 224
193 225
50 226
185 227
121 228
226 229
80 230
119 231
219 232
52 233
93 234
61 235
206 236
25 237
81 238
201 239
39 240
173 241
127 242
78 243
178 244
130 245
1 246
48 247
110 248
8 249
210 250
234 251
202 252
197 253
211 254
209 255
207 256
56 257
48 258
73 259
93 260
213 261
127 262
98 263
132 264
104 265
15 266
150 267
7 268
201 269
167 270
102 271
88 272
272 273
225 274
12 275
113 276
14 277
119 278
276 279
248 280
40 281
93 282
259 283
282 284
137 285
171 286
84 287
167 288
185 289
185 290
146 291
189 292
154 293
86 294
289 295
42 296
15 297
183 298
205 299
74 300
124 301
73 302
236 303
18 304
302 305
96 306
98 307
168 308
168 309
115 310
151 311
167 312
16 313
240 314
212 315
133 316
224 317
158 318
210 319
108 320
15 321
233 322
191 323
31 324
241 325
278 326
176 327
32 328
125 329
208 330
324 331
183 332
235 333
265 334
65 335
216 336
265 337
89 338
267 339
54 340
57 341
229 342
311 343
208 344
35 345
15 346
104 347
222 348
120 349
147 350
51 351
89 352
23 353
316 354
241 355
27 356
178 357
102 358
184 359
345 360
69 361
351 362
252 363
167 364
136 365
355 366
186 367
64 368
80 369
260 370
88 371
112 372
237 373
202 374
129 375
271 376
41 377
144 378
107 379
158 380
124 381
205 382
128 383
320 384
106 385
221 386
4 387
219 388
157 389
272 390
252 391
331 392
107 393
281 394
344 395
117 396
216 397
214 398
182 399
349 400
338 401
97 402
128 403
193 404
375 405
332 406
302 407
200 408
127 409
233 410
186 411
107 412
310 413
142 414
88 415
407 416
25 417
86 418
153 419
386 420
412 421
355 422
54 423
24 424
248 425
125 426
176 427
210 428
364 429
397 430
140 431
338 432
399 433
300 434
143 435
365 436
53 437
74 438
109 439
398 440
171 441
21 442
409 443
329 444
233 445
107 446
430 447
400 448
219 449
255 450
18 451
373 452
164 453
116 454
61 455
381 456
37 457
16 458
349 459
125 460
141 461
5 462
429 463
68 464
160 465
309 466
264 467
49 468
175 469
225 470
179 471
263 472
364 473
251 474
5 475
58 476
125 477
65 478
244 479
128 480
87 481
411 482
302 483
258 484
410 485
419 486
114 487
30 488
254 489
359 490
301 491
443 492
304 493
210 494
402 495
423 496
478 497
271 498
27 499
304 500
136 501
347 502
306 503
69 504
441 505
275 506
151 507
393 508
475 509
484 510
135 511
60 512
491 513
148 514
444 515
253 516
219 517
314 518
512 519
39 520
353 521
290 522
435 523
403 524
146 525
378 526
377 527
128 528
124 529
124 530
226 531
259 532
456 533
294 534
528 535
342 536
92 537
193 538
335 539
179 540
516 541
249 542
501 543
150 544
433 545
514 546
344 547
508 548
406 549
86 550
378 551
188 552
208 553
440 554
340 555
309 556
543 557
0 558
226 559
305 560
305 561
132 562
352 563
361 564
261 565
72 566
533 567
316 568
531 569
347 570
267 571
362 572
173 573
551 574
239 575
99 576
368 577
390 578
168 579
422 580
179 581
511 582
61 583
249 584
116 585
576 586
261 587
582 588
410 589
380 590
541 591
431 592
196 593
304 594
374 595
14 596
375 597
363 598
480 599
157 600
122 601
93 602
320 603
318 604
508 605
265 606
193 607
55 608
357 609
40 610
473 611
428 612
532 613
539 614
43 615
218 616
404 617
420 618
311 619
285 620
325 621
64 622
415 623
541 624
314 625
541 626
299 627
175 628
109 629
79 630
547 631
203 632
404 633
352 634
67 635
125 636
586 637
104 638
616 639
37 640
447 641
426 642
235 643
556 644
387 645
402 646
376 647
170 648
67 649
298 650
394 651
490 652
381 653
0 654
449 655
81 656
480 657
320 658
470 659
659 660
245 661
644 662
604 663
483 664
646 665
269 666
511 667
130 668
181 669
194 670
264 671
259 672
617 673
533 674
606 675
342 676
315 677
668 678
287 679
399 680
467 681
60 682
578 683
490 684
309 685
246 686
24 687
526 688
138 689
259 690
623 691
279 692
132 693
484 694
486 695
393 696
455 697
389 698
428 699
614 700
643 701
475 702
130 703
292 704
274 705
483 706
535 707
697 708
210 709
447 710
382 711
259 712
10 713
125 714
174 715
701 716
427 717
464 718
235 719
119 720
397 721
219 722
459 723
350 724
461 725
455 726
715 727
641 728
377 729
258 730
719 731
607 732
434 733
2 734
399 735
731 736
398 737
454 738
149 739
5 740
698 741
179 742
81 743
492 744
527 745
517 746
91 747
561 748
158 749
350 750
140 751
146 752
642 753
105 754
542 755
400 756
525 757
297 758
664 759
575 760
9 761
356 762
174 763
53 764
647 765
380 766
597 767
382 768
629 769
404 770
561 771
343 772
695 773
496 774
69 775
588 776
599 777
478 778
339 779
372 780
22 781
350 782
567 783
449 784
609 785
83 786
431 787
746 788
773 789
502 790
359 791
550 792
581 793
369 794
222 795
603 796
342 797
214 798
700 799
63 800
228 801
442 802
153 803
322 804
42 805
93 806
284 807
496 808
51 809
767 810
254 811
738 812
462 813
108 814
518 815
361 816
281 817
613 818
128 819
164 820
676 821
624 822
76 823
740 824
603 825
246 826
35 827
341 828
62 829
637 830
350 831
19 832
273 833
662 834
134 835
566 836
738 837
38 838
0 839
124 840
41 841
472 842
7 843
54 844
619 845
326 846
380 847
687 848
177 849
663 850
376 851
800 852
318 853
572 854
489 855
371 856
542 857
266 858
720 859
252 860
371 861
483 862
714 863
142 864
39 865
726 866
502 867
740 868
816 869
543 870
595 871
868 872
763 873
189 874
202 875
264 876
122 877
438 878
185 879
389 880
635 881
527 882
750 883
144 884
662 885
406 886
414 887
169 888
408 889
588 890
468 891
335 892
448 893
462 894
576 895
452 896
123 897
273 898
184 899
12 900
825 901
441 902
460 903
900 904
445 905
886 906
103 907
241 908
230 909
16 910
612 911
720 912
334 913
774 914
33 915
456 916
340 917
810 918
767 919
552 920
94 921
916 922
490 923
6 924
30 925
741 926
732 927
585 928
324 929
513 930
627 931
896 932
543 933
451 934
505 935
656 936
153 937
906 938
232 939
268 940
905 941
932 942
445 943
100 944
754 945
266 946
895 947
827 948
362 949
329 950
706 951
597 952
383 953
922 954
627 955
342 956
312 957
729 958
527 959
49 960
216 961
804 962
621 963
502 964
613 965
777 966
532 967
108 968
306 969
548 970
833 971
234 972
881 973
584 974
185 975
4 976
763 977
694 978
189 979
313 980
930 981
414 982
975 983
141 984
426 985
684 986
127 987
862 988
575 989
905 990
709 991
752 992
191 993
803 994
33 995
706 996
773 997
44 998
514 999
715 1000
568 1001
152 1002
579 1003
150 1004
557 1005
555 1006
986 1007
710 1008
206 1009
496 1010
440 1011
315 1012
216 1013
495 1014
77 1015
234 1016
2 1017
86 1018
868 1019
155 1020
983 1021
552 1022
602 1023
393 1024
894 1025
494 1026
477 1027
107 1028
138 1029
237 1030
430 1031
827 1032
987 1033
41 1034
698 1035
220 1036
422 1037
859 1038
870 1039
333 1040
646 1041
360 1042
321 1043
188 1044
500 1045
263 1046
773 1047
1017 1048
168 1049
127 1050
596 1051
408 1052
288 1053
40 1054
218 1055
610 1056
68 1057
273 1058
690 1059
437 1060
377 1061
881 1062
820 1063
998 1064
73 1065
574 1066
432 1067
969 1068
15 1069
528 1070
596 1071
700 1072
969 1073
559 1074
95 1075
817 1076
90 1077
47 1078
954 1079
838 1080
842 1081
742 1082
1033 1083
986 1084
555 1085
40 1086
945 1087
382 1088
151 1089
551 1090
547 1091
569 1092
1053 1093
903 1094
32 1095
137 1096
144 1097
676 1098
383 1099
96 1100
712 1101
173 1102
904 1103
457 1104
579 1105
69 1106
196 1107
801 1108
808 1109
582 1110
399 1111
68 1112
63 1113
807 1114
1112 1115
524 1116
1029 1117
729 1118
546 1119
96 1120
52 1121
266 1122
978 1123
230 1124
833 1125
1067 1126
958 1127
529 1128
202 1129
900 1130
1001 1131
670 1132
319 1133
431 1134
966 1135
662 1136
144 1137
958 1138
302 1139
1036 1140
586 1141
337 1142
901 1143
953 1144
1050 1145
1116 1146
370 1147
846 1148
697 1149
469 1150
335 1151
541 1152
721 1153
844 1154
471 1155
69 1156
350 1157
125 1158
89 1159
176 1160
164 1161
595 1162
598 1163
394 1164
751 1165
24 1166
16 1167
680 1168
22 1169
264 1170
482 1171
179 1172
855 1173
94 1174
719 1175
320 1176
29 1177
1141 1178
310 1179
1145 1180
81 1181
643 1182
1006 1183
905 1184
360 1185
532 1186
576 1187
589 1188
775 1189
122 1190
844 1191
339 1192
595 1193
20 1194
229 1195
640 1196
962 1197
321 1198
615 1199
211 1200
1113 1201
809 1202
191 1203
57 1204
443 1205
889 1206
600 1207
716 1208
979 1209
1204 1210
14 1211
960 1212
259 1213
1034 1214
45 1215
888 1216
638 1217
40 1218
849 1219
826 1220
1186 1221
821 1222
594 1223
534 1224
25 1225
1025 1226
328 1227
793 1228
662 1229
277 1230
355 1231
987 1232
307 1233
644 1234
1016 1235
42 1236
1182 1237
309 1238
588 1239
114 1240
60 1241
2 1242
209 1243
271 1244
1200 1245
380 1246
547 1247
958 1248
431 1249
48 1250
594 1251
113 1252
988 1253
757 1254
1067 1255
1069 1256
752 1257
810 1258
284 1259
1225 1260
62 1261
1001 1262
828 1263
676 1264
873 1265
122 1266
549 1267
871 1268
280 1269
365 1270
298 1271
159 1272
334 1273
225 1274
1216 1275
103 1276
695 1277
736 1278
814 1279
303 1280
1131 1281
396 1282
382 1283
365 1284
388 1285
687 1286
275 1287
59 1288
894 1289
905 1290
179 1291
794 1292
162 1293
270 1294
865 1295
1138 1296
53 1297
977 1298
961 1299
60 1300
687 1301
602 1302
431 1303
69 1304
34 1305
1297 1306
364 1307
1164 1308
1012 1309
839 1310
302 1311
1279 1312
825 1313
290 1314
648 1315
810 1316
408 1317
233 1318
1195 1319
1166 1320
1307 1321
216 1322
1284 1323
1238 1324
334 1325
0 1326
932 1327
1129 1328
965 1329
327 1330
1309 1331
696 1332
102 1333
367 1334
1002 1335
1177 1336
1198 1337
901 1338
409 1339
1152 1340
175 1341
801 1342
30 1343
354 1344
328 1345
1204 1346
1054 1347
737 1348
176 1349
803 1350
995 1351
113 1352
803 1353
648 1354
367 1355
937 1356
53 1357
381 1358
752 1359
381 1360
274 1361
826 1362
233 1363
155 1364
1228 1365
858 1366
0 1367
431 1368
651 1369
1235 1370
377 1371
470 1372
1132 1373
1123 1374
1022 1375
908 1376
778 1377
772 1378
576 1379
1226 1380
275 1381
1368 1382
1170 1383
719 1384
1249 1385
810 1386
509 1387
1042 1388
473 1389
1274 1390
99 1391
881 1392
84 1393
1098 1394
131 1395
249 1396
650 1397
1080 1398
103 1399
1203 1400
548 1401
1280 1402
232 1403
307 1404
331 1405
322 1406
805 1407
176 1408
1274 1409
757 1410
1146 1411
1388 1412
892 1413
898 1414
208 1415
190 1416
743 1417
521 1418
485 1419
309 1420
667 1421
1131 1422
1097 1423
715 1424
666 1425
1232 1426
875 1427
291 1428
399 1429
1094 1430
1048 1431
1409 1432
966 1433
516 1434
792 1435
721 1436
438 1437
794 1438
1273 1439
804 1440
1224 1441
300 1442
719 1443
1139 1444
970 1445
1055 1446
405 1447
1320 1448
1187 1449
695 1450
574 1451
783 1452
274 1453
1086 1454
151 1455
1085 1456
1007 1457
1026 1458
1057 1459
5 1460
1084 1461
710 1462
928 1463
261 1464
185 1465
185 1466
285 1467
992 1468
85 1469
858 1470
246 1471
1210 1472
1046 1473
840 1474
536 1475
487 1476
775 1477
917 1478
953 1479
882 1480
1449 1481
554 1482
133 1483
1443 1484
817 1485
293 1486
443 1487
652 1488
833 1489
546 1490
1466 1491
1194 1492
376 1493
891 1494
1117 1495
234 1496
823 1497
565 1498
414 1499
1146 1500
1369 1501
853 1502
739 1503
1031 1504
512 1505
75 1506
506 1507
618 1508
1210 1509
985 1510
1447 1511
1408 1512
991 1513
1508 1514
949 1515
29 1516
836 1517
619 1518
1040 1519
1069 1520
921 1521
1397 1522
1294 1523
818 1524
967 1525
603 1526
718 1527
1206 1528
824 1529
1280 1530
1509 1531
638 1532
444 1533
283 1534
1148 1535
1055 1536
43 1537
1485 1538
1073 1539
1185 1540
838 1541
618 1542
702 1543
1326 1544
1106 1545
840 1546
560 1547
758 1548
682 1549
497 1550
787 1551
1490 1552
697 1553
41 1554
496 1555
157 1556
1224 1557
935 1558
193 1559
171 1560
402 1561
989 1562
679 1563
353 1564
449 1565
237 1566
1519 1567
534 1568
866 1569
1480 1570
638 1571
682 1572
861 1573
621 1574
307 1575
584 1576
431 1577
187 1578
799 1579
1265 1580
676 1581
706 1582
855 1583
560 1584
631 1585
213 1586
205 1587
476 1588
845 1589
1302 1590
509 1591
1183 1592
806 1593
828 1594
1002 1595
1153 1596
357 1597
4 1598
183 1599
1152 1600
1016 1601
1022 1602
902 1603
1156 1604
477 1605
680 1606
434 1607
170 1608
81 1609
848 1610
383 1611
199 1612
1400 1613
14 1614
1393 1615
1595 1616
264 1617
771 1618
15 1619
279 1620
1106 1621
1618 1622
1520 1623
236 1624
817 1625
1238 1626
69 1627
1194 1628
501 1629
577 1630
568 1631
945 1632
80 1633
872 1634
1350 1635
116 1636
1161 1637
1510 1638
821 1639
1176 1640
1598 1641
1427 1642
307 1643
1259 1644
835 1645
1642 1646
269 1647
1622 1648
1125 1649
855 1650
1469 1651
1097 1652
77 1653
797 1654
500 1655
639 1656
401 1657
301 1658
1424 1659
1326 1660
225 1661
1590 1662
28 1663
1533 1664
66 1665
207 1666
639 1667
969 1668
758 1669
1164 1670
1419 1671
1157 1672
888 1673
1662 1674
291 1675
598 1676
587 1677
665 1678
1096 1679
551 1680
1152 1681
780 1682
413 1683
918 1684
1515 1685
1577 1686
1009 1687
340 1688
1300 1689
471 1690
371 1691
1204 1692
1639 1693
874 1694
1270 1695
664 1696
327 1697
554 1698
1399 1699
927 1700
228 1701
398 1702
1395 1703
1543 1704
1394 1705
833 1706
1351 1707
1487 1708
471 1709
549 1710
331 1711
1281 1712
623 1713
1493 1714
776 1715
451 1716
545 1717
232 1718
1687 1719
767 1720
935 1721
949 1722
1486 1723
1569 1724
864 1725
312 1726
760 1727
693 1728
1017 1729
521 1730
1359 1731
1119 1732
44 1733
1559 1734
766 1735
1024 1736
974 1737
1637 1738
1578 1739
1442 1740
1019 1741
1001 1742
745 1743
1111 1744
1045 1745
1557 1746
1117 1747
699 1748
1198 1749
682 1750
504 1751
1652 1752
1424 1753
409 1754
1525 1755
1719 1756
1724 1757
1236 1758
573 1759
202 1760
37 1761
348 1762
1195 1763
1184 1764
1503 1765
514 1766
50 1767
1502 1768
480 1769
636 1770
1431 1771
276 1772
1302 1773
598 1774
1420 1775
543 1776
423 1777
915 1778
846 1779
954 1780
1657 1781
696 1782
385 1783
647 1784
1652 1785
459 1786
1249 1787
998 1788
41 1789
1769 1790
1366 1791
1481 1792
471 1793
705 1794
1776 1795
927 1796
1101 1797
648 1798
1224 1799
835 1800
1734 1801
838 1802
571 1803
36 1804
1408 1805
1686 1806
1576 1807
939 1808
1426 1809
310 1810
957 1811
1685 1812
172 1813
430 1814
2 1815
716 1816
234 1817
961 1818
785 1819
65 1820
1502 1821
1390 1822
738 1823
1352 1824
1592 1825
1335 1826
1084 1827
415 1828
645 1829
1681 1830
634 1831
124 1832
505 1833
1738 1834
30 1835
1371 1836
385 1837
966 1838
48 1839
1537 1840
836 1841
1557 1842
1468 1843
1791 1844
891 1845
1322 1846
1395 1847
1790 1848
1819 1849
1044 1850
478 1851
80 1852
16 1853
299 1854
819 1855
1625 1856
901 1857
1229 1858
1112 1859
1057 1860
990 1861
1093 1862
945 1863
189 1864
1798 1865
1662 1866
455 1867
672 1868
608 1869
1687 1870
666 1871
51 1872
1301 1873
1442 1874
64 1875
45 1876
774 1877
1727 1878
596 1879
619 1880
429 1881
1186 1882
873 1883
1444 1884
894 1885
1065 1886
340 1887
817 1888
1258 1889
1744 1890
1407 1891
619 1892
196 1893
1594 1894
1098 1895
1426 1896
754 1897
834 1898
767 1899
1527 1900
424 1901
123 1902
1095 1903
406 1904
1649 1905
403 1906
433 1907
698 1908
1002 1909
1662 1910
1364 1911
1437 1912
717 1913
1197 1914
1769 1915
168 1916
1377 1917
87 1918
82 1919
1412 1920
304 1921
564 1922
1784 1923
684 1924
25 1925
216 1926
498 1927
1511 1928
1051 1929
1476 1930
1828 1931
77 1932
225 1933
95 1934
216 1935
526 1936
324 1937
61 1938
1005 1939
883 1940
1566 1941
1931 1942
1802 1943
298 1944
597 1945
1634 1946
1256 1947
312 1948
1403 1949
1125 1950
1239 1951
870 1952
372 1953
161 1954
1032 1955
38 1956
1128 1957
1784 1958
1637 1959
1632 1960
1223 1961
529 1962
1519 1963
1413 1964
1180 1965
1488 1966
668 1967
1471 1968
1043 1969
1821 1970
219 1971
131 1972
1180 1973
1175 1974
589 1975
660 1976
1868 1977
1273 1978
1513 1979
37 1980
1202 1981
458 1982
1340 1983
299 1984
1901 1985
855 1986
910 1987
1913 1988
1440 1989
1555 1990
1456 1991
904 1992
76 1993
1922 1994
1570 1995
475 1996
1213 1997
1480 1998
1987 1999
1676 2000
863 2001
1655 2002
319 2003
162 2004
1420 2005
747 2006
1679 2007
32 2008
1801 2009
1575 2010
1995 2011
1362 2012
547 2013
719 2014
1051 2015
1478 2016
885 2017
114 2018
1024 2019
1449 2020
837 2021
2005 2022
1734 2023
245 2024
629 2025
10 2026
692 2027
1084 2028
1406 2029
134 2030
384 2031
731 2032
1589 2033
1170 2034
1258 2035
1877 2036
1982 2037
1898 2038
135 2039
362 2040
867 2041
722 2042
736 2043
1136 2044
263 2045
887 2046
949 2047
869 2048
915 2049
835 2050
2017 2051
1323 2052
84 2053
801 2054
377 2055
1226 2056
861 2057
2003 2058
466 2059
196 2060
1972 2061
885 2062
704 2063
1503 2064
80 2065
1807 2066
114 2067
959 2068
357 2069
1510 2070
1896 2071
1182 2072
222 2073
1926 2074
609 2075
86 2076
1971 2077
1944 2078
907 2079
51 2080
145 2081
1849 2082
1572 2083
558 2084
1581 2085
933 2086
371 2087
1522 2088
1501 2089
997 2090
1425 2091
450 2092
1790 2093
1607 2094
358 2095
235 2096
1584 2097
95 2098
372 2099
1396 2100
561 2101
1650 2102
1853 2103
1208 2104
1589 2105
527 2106
764 2107
1273 2108
43 2109
983 2110
1398 2111
43 2112
1701 2113
2076 2114
2064 2115
743 2116
902 2117
162 2118
1964 2119
626 2120
2000 2121
1516 2122
1790 2123
294 2124
1102 2125
1149 2126
1879 2127
469 2128
1221 2129
556 2130
1268 2131
1169 2132
1137 2133
537 2134
1494 2135
1892 2136
1963 2137
1041 2138
788 2139
1076 2140
242 2141
1213 2142
174 2143
2091 2144
58 2145
122 2146
494 2147
525 2148
447 2149
959 2150
206 2151
2095 2152
1109 2153
559 2154
2139 2155
93 2156
575 2157
1902 2158
78 2159
255 2160
2093 2161
164 2162
921 2163
1358 2164
1534 2165
959 2166
2064 2167
2029 2168
639 2169
1591 2170
2002 2171
1323 2172
422 2173
540 2174
1908 2175
965 2176
86 2177
725 2178
943 2179
2101 2180
800 2181
1923 2182
1942 2183
755 2184
667 2185
315 2186
2043 2187
798 2188
1412 2189
1059 2190
1662 2191
1662 2192
809 2193
1079 2194
569 2195
1701 2196
1090 2197
409 2198
275 2199
1929 2200
945 2201
1571 2202
574 2203
983 2204
2190 2205
2139 2206
2130 2207
558 2208
87 2209
2097 2210
645 2211
1158 2212
1898 2213
411 2214
252 2215
763 2216
1555 2217
919 2218
2171 2219
2089 2220
515 2221
1579 2222
1645 2223
2214 2224
1020 2225
1228 2226
1157 2227
1553 2228
9 2229
1678 2230
722 2231
1690 2232
1366 2233
1262 2234
1657 2235
2051 2236
1196 2237
1747 2238
1000 2239
474 2240
1918 2241
1287 2242
1478 2243
2044 2244
1371 2245
529 2246
1790 2247
1307 2248
1639 2249
659 2250
1812 2251
1319 2252
280 2253
96 2254
607 2255
460 2256
2043 2257
1629 2258
2066 2259
983 2260
960 2261
60 2262
1374 2263
1246 2264
1057 2265
224 2266
724 2267
811 2268
892 2269
684 2270
540 2271
1597 2272
754 2273
2023 2274
1641 2275
1136 2276
1936 2277
215 2278
1709 2279
1183 2280
131 2281
1921 2282
508 2283
763 2284
1445 2285
260 2286
431 2287
1361 2288
744 2289
1988 2290
740 2291
1929 2292
2187 2293
2292 2294
85 2295
1767 2296
253 2297
767 2298
467 2299
604 2300
1118 2301
1873 2302
1246 2303
1099 2304
1889 2305
1219 2306
442 2307
649 2308
2033 2309
908 2310
930 2311
306 2312
92 2313
1951 2314
1795 2315
1906 2316
2166 2317
1786 2318
136 2319
940 2320
2225 2321
2012 2322
2233 2323
1091 2324
1303 2325
1269 2326
1838 2327
546 2328
769 2329
310 2330
1045 2331
1502 2332
115 2333
11 2334
1248 2335
792 2336
1610 2337
720 2338
1559 2339
1724 2340
1514 2341
2038 2342
1795 2343
1306 2344
1689 2345
1529 2346
499 2347
1947 2348
2007 2349
2277 2350
1055 2351
2288 2352
1246 2353
515 2354
655 2355
1827 2356
123 2357
2035 2358
1980 2359
540 2360
2049 2361
619 2362
559 2363
520 2364
1743 2365
1826 2366
2316 2367
888 2368
192 2369
1852 2370
2184 2371
1492 2372
907 2373
1317 2374
782 2375
938 2376
1097 2377
2086 2378
2039 2379
674 2380
1749 2381
896 2382
693 2383
545 2384
837 2385
1901 2386
1000 2387
2292 2388
1927 2389
2037 2390
1762 2391
1975 2392
1986 2393
1320 2394
1350 2395
1834 2396
1522 2397
2317 2398
978 2399
894 2400
603 2401
472 2402
1256 2403
1185 2404
1633 2405
2053 2406
257 2407
845 2408
945 2409
2211 2410
1074 2411
1952 2412
2192 2413
202 2414
2071 2415
2178 2416
1067 2417
936 2418
498 2419
1723 2420
2074 2421
254 2422
1410 2423
2024 2424
1471 2425
419 2426
625 2427
1228 2428
516 2429
1317 2430
2265 2431
1856 2432
1760 2433
742 2434
1201 2435
2396 2436
815 2437
1735 2438
586 2439
832 2440
1781 2441
2197 2442
1285 2443
1600 2444
441 2445
289 2446
1621 2447
1177 2448
1561 2449
2403 2450
1327 2451
2150 2452
274 2453
835 2454
1820 2455
2418 2456
1276 2457
2126 2458
213 2459
1711 2460
92 2461
1028 2462
1975 2463
1584 2464
511 2465
516 2466
2372 2467
616 2468
1098 2469
1280 2470
2450 2471
2384 2472
745 2473
1928 2474
1657 2475
987 2476
1997 2477
1999 2478
1284 2479
376 2480
244 2481
977 2482
2062 2483
65 2484
458 2485
1058 2486
977 2487
107 2488
1383 2489
2234 2490
164 2491
1295 2492
1756 2493
1345 2494
1560 2495
1092 2496
1188 2497
1654 2498
1233 2499
2342 2500
544 2501
1261 2502
506 2503
351 2504
438 2505
368 2506
848 2507
836 2508
1668 2509
1443 2510
1463 2511
101 2512
2459 2513
1559 2514
819 2515
874 2516
1737 2517
1018 2518
966 2519
1150 2520
169 2521
568 2522
1062 2523
846 2524
1431 2525
231 2526
387 2527
654 2528
1262 2529
1752 2530
2243 2531
545 2532
229 2533
856 2534
1527 2535
1762 2536
2505 2537
599 2538
2274 2539
2312 2540
755 2541
803 2542
1882 2543
450 2544
1637 2545
941 2546
2412 2547
2284 2548
1974 2549
2498 2550
1100 2551
1830 2552
2427 2553
794 2554
854 2555
951 2556
428 2557
2030 2558
1019 2559
1202 2559