5120
0 1
1 2
2 3
1 4
3 5
3 6
0 7
3 8
8 9
1 10
7 11
11 12
5 13
5 14
12 15
13 16
5 17
5 18
15 19
5 20
0 21
5 22
20 23
11 24
15 25
12 26
16 27
3 28
15 29
7 30
16 31
31 32
6 33
19 34
31 35
13 36
20 37
6 38
22 39
33 40
22 41
22 42
13 43
28 44
40 45
37 46
29 47
3 48
29 49
32 50
35 51
38 52
14 53
19 54
13 55
23 56
28 57
47 58
2 59
28 60
15 61
19 62
5 63
40 64
12 65
21 66
28 67
6 68
45 69
25 70
57 71
63 72
64 73
54 74
21 75
22 76
55 77
73 78
23 79
19 80
76 81
9 82
24 83
69 84
37 85
12 86
64 87
25 88
41 89
13 90
63 91
75 92
82 93
45 94
42 95
0 96
12 97
68 98
25 99
35 100
18 101
26 102
55 103
13 104
27 105
27 106
25 107
0 108
105 109
22 110
56 111
91 112
7 113
40 114
83 115
88 116
53 117
117 118
4 119
77 120
2 121
28 122
122 123
9 124
19 125
69 126
12 127
67 128
51 129
120 130
125 131
22 132
4 133
48 134
45 135
63 136
25 137
75 138
110 139
54 140
9 141
53 142
21 143
65 144
23 145
135 146
124 147
21 148
135 149
31 150
129 151
86 152
53 153
13 154
67 155
124 156
104 157
2 158
1 159
12 160
111 161
33 162
93 163
109 164
105 165
71 166
40 167
41 168
49 169
99 170
3 171
104 172
81 173
20 174
119 175
119 176
61 177
168 178
80 179
23 180
120 181
93 182
163 183
169 184
30 185
180 186
132 187
51 188
50 189
137 190
48 191
100 192
175 193
157 194
84 195
76 196
10 197
184 198
143 199
183 200
37 201
73 202
1 203
15 204
169 205
23 206
139 207
66 208
101 209
47 210
92 211
127 212
186 213
204 214
41 215
146 216
145 217
100 218
57 219
19 220
12 221
177 222
25 223
131 224
79 225
154 226
217 227
185 228
57 229
89 230
143 231
92 232
79 233
4 234
221 235
94 236
224 237
221 238
5 239
6 240
167 241
88 242
123 243
0 244
193 245
42 246
108 247
13 248
115 249
167 250
110 251
98 252
11 253
132 254
149 255
198 256
124 257
108 258
193 259
70 260
107 261
76 262
41 263
45 264
151 265
170 266
184 267
90 268
165 269
252 270
137 271
103 272
211 273
98 274
68 275
242 276
173 277
34 278
257 279
261 280
247 281
160 282
113 283
87 284
110 285
206 286
19 287
69 288
225 289
150 290
256 291
34 292
235 293
262 294
17 295
118 296
146 297
50 298
59 299
105 300
157 301
164 302
75 303
72 304
288 305
35 306
136 307
205 308
276 309
74 310
191 311
79 312
291 313
41 314
42 315
246 316
167 317
92 318
171 319
112 320
315 321
209 322
237 323
186 324
317 325
265 326
250 327
298 328
136 329
30 330
272 331
145 332
59 333
84 334
4 335
14 336
143 337
318 338
23 339
270 340
319 341
199 342
11 343
79 344
30 345
11 346
220 347
15 348
228 349
245 350
266 351
83 352
36 353
71 354
187 355
349 356
164 357
217 358
205 359
191 360
233 361
73 362
71 363
297 364
252 365
76 366
62 367
125 368
42 369
45 370
231 371
39 372
327 373
129 374
255 375
257 376
260 377
349 378
183 379
155 380
183 381
260 382
97 383
303 384
127 385
89 386
86 387
339 388
36 389
144 390
247 391
199 392
383 393
194 394
6 395
306 396
24 397
67 398
310 399
201 400
344 401
247 402
89 403
387 404
378 405
361 406
312 407
401 408
107 409
261 410
394 411
165 412
199 413
106 414
257 415
235 416
306 417
257 418
409 419
196 420
145 421
166 422
53 423
407 424
410 425
215 426
60 427
243 428
313 429
373 430
212 431
22 432
307 433
302 434
323 435
87 436
366 437
131 438
429 439
322 440
167 441
184 442
193 443
170 444
361 445
154 446
157 447
362 448
359 449
46 450
349 451
389 452
297 453
302 454
122 455
75 456
439 457
110 458
157 459
28 460
449 461
425 462
165 463
343 464
68 465
99 466
193 467
305 468
454 469
262 470
83 471
41 472
176 473
451 474
423 475
0 476
227 477
421 478
67 479
399 480
394 481
288 482
328 483
156 484
226 485
330 486
321 487
254 488
183 489
139 490
16 491
229 492
256 493
5 494
386 495
257 496
128 497
323 498
132 499
400 500
138 501
228 502
224 503
2 504
255 505
458 506
197 507
85 508
139 509
307 510
258 511
350 512
262 513
108 514
245 515
292 516
39 517
488 518
120 519
78 520
65 521
454 522
203 523
230 524
64 525
384 526
190 527
72 528
286 529
174 530
203 531
396 532
262 533
458 534
218 535
425 536
286 537
177 538
508 539
141 540
145 541
432 542
218 543
542 544
429 545
522 546
315 547
42 548
326 549
387 550
6 551
493 552
530 553
517 554
356 555
304 556
262 557
543 558
201 559
288 560
479 561
275 562
106 563
490 564
266 565
187 566
354 567
226 568
114 569
326 570
294 571
358 572
297 573
555 574
152 575
335 576
173 577
54 578
29 579
284 580
115 581
176 582
411 583
168 584
377 585
176 586
277 587
582 588
525 589
67 590
489 591
348 592
505 593
267 594
338 595
324 596
222 597
212 598
500 599
544 600
145 601
355 602
130 603
522 604
387 605
534 606
545 607
279 608
495 609
64 610
608 611
349 612
357 613
496 614
476 615
466 616
511 617
41 618
45 619
133 620
456 621
17 622
65 623
577 624
128 625
392 626
175 627
337 628
158 629
500 630
227 631
400 632
63 633
127 634
302 635
168 636
447 637
530 638
53 639
59 640
13 641
0 642
440 643
517 644
612 645
509 646
189 647
505 648
362 649
136 650
227 651
536 652
240 653
134 654
369 655
595 656
135 657
124 658
186 659
402 660
561 661
646 662
68 663
142 664
367 665
307 666
152 667
336 668
287 669
79 670
56 671
125 672
273 673
152 674
194 675
24 676
544 677
56 678
550 679
567 680
90 681
654 682
21 683
243 684
665 685
111 686
453 687
54 688
575 689
521 690
78 691
673 692
519 693
311 694
597 695
77 696
574 697
71 698
8 699
639 700
492 701
454 702
29 703
161 704
388 705
470 706
362 707
103 708
283 709
396 710
87 711
593 712
418 713
496 714
605 715
318 716
601 717
327 718
679 719
446 720
575 721
225 722
630 723
1 724
117 725
646 726
141 727
483 728
167 729
0 730
120 731
252 732
166 733
549 734
633 735
653 736
586 737
692 738
157 739
233 740
106 741
134 742
304 743
211 744
180 745
236 746
735 747
341 748
402 749
17 750
353 751
94 752
183 753
317 754
730 755
694 756
195 757
238 758
235 759
106 760
339 761
546 762
207 763
11 764
471 765
319 766
728 767
163 768
611 769
696 770
565 771
23 772
250 773
60 774
324 775
56 776
660 777
349 778
174 779
413 780
666 781
19 782
384 783
123 784
556 785
456 786
163 787
84 788
31 789
695 790
445 791
583 792
161 793
396 794
39 795
313 796
436 797
3 798
615 799
8 800
319 801
473 802
553 803
239 804
54 805
252 806
530 807
558 808
705 809
337 810
404 811
397 812
482 813
772 814
409 815
601 816
651 817
310 818
169 819
544 820
260 821
554 822
335 823
486 824
253 825
92 826
765 827
512 828
813 829
514 830
68 831
224 832
150 833
819 834
530 835
591 836
178 837
755 838
680 839
487 840
85 841
165 842
114 843
642 844
52 845
698 846
366 847
76 848
293 849
34 850
694 851
665 852
719 853
511 854
428 855
714 856
101 857
673 858
243 859
22 860
72 861
207 862
464 863
782 864
838 865
541 866
272 867
15 868
359 869
554 870
466 871
648 872
69 873
393 874
424 875
258 876
7 877
562 878
389 879
520 880
231 881
253 882
445 883
724 884
789 885
803 886
232 887
657 888
298 889
577 890
302 891
127 892
328 893
509 894
309 895
376 896
56 897
191 898
327 899
89 900
713 901
870 902
211 903
13 904
161 905
694 906
609 907
135 908
549 909
516 910
508 911
544 912
481 913
825 914
136 915
635 916
263 917
324 918
134 919
429 920
658 921
112 922
527 923
17 924
906 925
525 926
587 927
224 928
168 929
258 930
530 931
863 932
930 933
760 934
609 935
929 936
343 937
772 938
570 939
677 940
286 941
765 942
163 943
537 944
230 945
807 946
815 947
620 948
114 949
903 950
940 951
67 952
646 953
628 954
788 955
214 956
178 957
742 958
541 959
779 960
622 961
564 962
730 963
696 964
787 965
502 966
203 967
129 968
695 969
203 970
281 971
150 972
327 973
92 974
113 975
279 976
727 977
517 978
144 979
855 980
698 981
510 982
104 983
398 984
427 985
273 986
242 987
321 988
718 989
171 990
870 991
765 992
781 993
502 994
16 995
288 996
876 997
952 998
742 999
361 1000
418 1001
161 1002
825 1003
780 1004
379 1005
340 1006
670 1007
493 1008
902 1009
499 1010
190 1011
494 1012
763 1013
297 1014
246 1015
156 1016
1016 1017
25 1018
230 1019
271 1020
424 1021
892 1022
614 1023
263 1024
569 1025
957 1026
304 1027
1000 1028
707 1029
297 1030
668 1031
525 1032
499 1033
124 1034
742 1035
274 1036
577 1037
271 1038
851 1039
273 1040
744 1041
1001 1042
165 1043
795 1044
283 1045
991 1046
689 1047
775 1048
409 1049
312 1050
315 1051
842 1052
998 1053
159 1054
909 1055
453 1056
528 1057
1023 1058
778 1059
171 1060
1047 1061
236 1062
181 1063
953 1064
266 1065
750 1066
645 1067
172 1068
648 1069
439 1070
142 1071
549 1072
901 1073
304 1074
210 1075
417 1076
567 1077
259 1078
159 1079
388 1080
945 1081
118 1082
1069 1083
204 1084
830 1085
903 1086
131 1087
867 1088
908 1089
623 1090
968 1091
149 1092
566 1093
800 1094
831 1095
448 1096
740 1097
27 1098
510 1099
1091 1100
370 1101
523 1102
644 1103
878 1104
626 1105
726 1106
515 1107
856 1108
529 1109
700 1110
516 1111
359 1112
498 1113
1033 1114
124 1115
897 1116
1115 1117
44 1118
341 1119
183 1120
496 1121
140 1122
149 1123
999 1124
761 1125
51 1126
158 1127
823 1128
223 1129
615 1130
958 1131
838 1132
932 1133
146 1134
1061 1135
608 1136
1060 1137
932 1138
351 1139
553 1140
356 1141
115 1142
710 1143
907 1144
266 1145
737 1146
131 1147
15 1148
975 1149
882 1150
6 1151
743 1152
920 1153
54 1154
158 1155
175 1156
557 1157
708 1158
331 1159
506 1160
651 1161
316 1162
1052 1163
101 1164
395 1165
519 1166
958 1167
830 1168
715 1169
280 1170
910 1171
27 1172
833 1173
1133 1174
246 1175
678 1176
98 1177
910 1178
634 1179
880 1180
905 1181
1087 1182
1032 1183
853 1184
482 1185
879 1186
1132 1187
543 1188
619 1189
629 1190
1057 1191
1077 1192
3 1193
693 1194
1139 1195
385 1196
644 1197
641 1198
214 1199
1069 1200
374 1201
628 1202
35 1203
174 1204
279 1205
1145 1206
325 1207
970 1208
696 1209
508 1210
878 1211
111 1212
833 1213
180 1214
1148 1215
615 1216
687 1217
590 1218
278 1219
691 1220
1030 1221
112 1222
187 1223
84 1224
758 1225
150 1226
1031 1227
968 1228
656 1229
1158 1230
602 1231
1138 1232
592 1233
411 1234
271 1235
898 1236
769 1237
163 1238
870 1239
76 1240
711 1241
37 1242
51 1243
221 1244
1096 1245
493 1246
166 1247
511 1248
1170 1249
606 1250
840 1251
1001 1252
1156 1253
980 1254
681 1255
834 1256
910 1257
874 1258
311 1259
901 1260
429 1261
1098 1262
1231 1263
1134 1264
1019 1265
1137 1266
330 1267
392 1268
381 1269
1107 1270
480 1271
311 1272
1129 1273
886 1274
416 1275
116 1276
1177 1277
1128 1278
822 1279
897 1280
543 1281
143 1282
148 1283
899 1284
92 1285
711 1286
663 1287
932 1288
1090 1289
649 1290
782 1291
1249 1292
331 1293
1120 1294
944 1295
40 1296
142 1297
857 1298
997 1299
259 1300
1005 1301
206 1302
195 1303
105 1304
18 1305
443 1306
5 1307
294 1308
481 1309
178 1310
693 1311
627 1312
171 1313
3 1314
917 1315
380 1316
577 1317
59 1318
278 1319
902 1320
592 1321
850 1322
307 1323
473 1324
1015 1325
25 1326
430 1327
979 1328
117 1329
639 1330
204 1331
228 1332
746 1333
569 1334
985 1335
1148 1336
227 1337
719 1338
164 1339
1259 1340
1051 1341
762 1342
1173 1343
983 1344
365 1345
802 1346
1234 1347
29 1348
815 1349
549 1350
103 1351
828 1352
845 1353
1049 1354
853 1355
1046 1356
115 1357
512 1358
502 1359
930 1360
1061 1361
641 1362
330 1363
221 1364
1224 1365
403 1366
285 1367
205 1368
229 1369
791 1370
485 1371
1369 1372
1117 1373
105 1374
685 1375
1234 1376
412 1377
559 1378
662 1379
565 1380
1207 1381
432 1382
952 1383
1257 1384
1258 1385
211 1386
1043 1387
752 1388
1162 1389
473 1390
494 1391
1242 1392
972 1393
1041 1394
5 1395
876 1396
942 1397
1348 1398
571 1399
1208 1400
1222 1401
641 1402
1170 1403
454 1404
14 1405
458 1406
510 1407
136 1408
1278 1409
1170 1410
1380 1411
580 1412
138 1413
447 1414
545 1415
722 1416
584 1417
889 1418
899 1419
945 1420
1249 1421
833 1422
1339 1423
127 1424
611 1425
914 1426
78 1427
1420 1428
320 1429
1127 1430
1328 1431
1104 1432
405 1433
96 1434
648 1435
377 1436
614 1437
52 1438
380 1439
1181 1440
418 1441
446 1442
51 1443
1358 1444
464 1445
561 1446
1066 1447
11 1448
375 1449
1071 1450
403 1451
811 1452
885 1453
54 1454
967 1455
1284 1456
396 1457
962 1458
786 1459
1142 1460
65 1461
1255 1462
1385 1463
1379 1464
851 1465
1309 1466
373 1467
1278 1468
490 1469
1090 1470
1127 1471
436 1472
1334 1473
419 1474
1340 1475
148 1476
1207 1477
1078 1478
705 1479
80 1480
402 1481
120 1482
795 1483
653 1484
602 1485
1070 1486
1376 1487
1230 1488
446 1489
192 1490
120 1491
116 1492
672 1493
1451 1494
412 1495
1379 1496
980 1497
562 1498
544 1499
726 1500
606 1501
1195 1502
1150 1503
1171 1504
408 1505
662 1506
1216 1507
72 1508
1374 1509
98 1510
648 1511
1420 1512
376 1513
1359 1514
1055 1515
143 1516
1048 1517
890 1518
40 1519
354 1520
297 1521
545 1522
1461 1523
1344 1524
891 1525
1499 1526
1116 1527
965 1528
966 1529
71 1530
1211 1531
1108 1532
768 1533
734 1534
17 1535
1148 1536
363 1537
133 1538
229 1539
1049 1540
333 1541
1250 1542
943 1543
933 1544
1210 1545
1390 1546
1068 1547
1174 1548
1027 1549
1376 1550
896 1551
1073 1552
1264 1553
1481 1554
1455 1555
142 1556
477 1557
1070 1558
1067 1559
357 1560
1131 1561
358 1562
326 1563
180 1564
411 1565
1183 1566
1460 1567
1011 1568
1415 1569
454 1570
736 1571
1200 1572
311 1573
178 1574
0 1575
141 1576
1273 1577
1081 1578
1156 1579
1141 1580
179 1581
44 1582
363 1583
226 1584
87 1585
772 1586
1327 1587
808 1588
958 1589
608 1590
269 1591
134 1592
577 1593
379 1594
373 1595
1459 1596
1228 1597
1299 1598
473 1599
1022 1600
840 1601
977 1602
350 1603
103 1604
982 1605
1448 1606
1403 1607
761 1608
1427 1609
21 1610
453 1611
792 1612
1460 1613
1475 1614
469 1615
872 1616
442 1617
1472 1618
1542 1619
1116 1620
518 1621
1196 1622
471 1623
173 1624
635 1625
1621 1626
167 1627
1316 1628
548 1629
1432 1630
1568 1631
1535 1632
104 1633
546 1634
1556 1635
341 1636
1379 1637
361 1638
1319 1639
1372 1640
1301 1641
1191 1642
1376 1643
1199 1644
180 1645
28 1646
81 1647
918 1648
363 1649
1448 1650
1148 1651
1409 1652
130 1653
167 1654
428 1655
975 1656
230 1657
1421 1658
551 1659
1651 1660
1388 1661
1157 1662
252 1663
1244 1664
47 1665
1025 1666
1481 1667
590 1668
471 1669
997 1670
186 1671
244 1672
392 1673
825 1674
1234 1675
1447 1676
275 1677
768 1678
1646 1679
33 1680
1512 1681
1629 1682
1079 1683
948 1684
749 1685
251 1686
194 1687
1525 1688
1010 1689
737 1690
349 1691
380 1692
368 1693
972 1694
1094 1695
726 1696
542 1697
1178 1698
333 1699
114 1700
1656 1701
281 1702
1519 1703
1003 1704
223 1705
510 1706
591 1707
283 1708
729 1709
600 1710
161 1711
1565 1712
1444 1713
474 1714
1613 1715
1543 1716
1193 1717
678 1718
441 1719
38 1720
363 1721
719 1722
145 1723
1084 1724
1108 1725
906 1726
83 1727
52 1728
773 1729
259 1730
1314 1731
722 1732
790 1733
685 1734
1002 1735
150 1736
476 1737
997 1738
1317 1739
1223 1740
1649 1741
1162 1742
242 1743
989 1744
436 1745
42 1746
597 1747
732 1748
498 1749
1475 1750
1417 1751
1148 1752
1521 1753
859 1754
1358 1755
1094 1756
476 1757
136 1758
336 1759
217 1760
1528 1761
1168 1762
245 1763
1421 1764
1736 1765
1735 1766
621 1767
41 1768
1253 1769
108 1770
1126 1771
792 1772
372 1773
1578 1774
1070 1775
7 1776
1599 1777
709 1778
1087 1779
1346 1780
1081 1781
1268 1782
1518 1783
477 1784
269 1785
40 1786
254 1787
1422 1788
807 1789
15 1790
822 1791
1064 1792
628 1793
383 1794
1692 1795
784 1796
1499 1797
1064 1798
1349 1799
1224 1800
112 1801
1026 1802
770 1803
1096 1804
562 1805
1375 1806
119 1807
1341 1808
918 1809
323 1810
98 1811
766 1812
1259 1813
1411 1814
821 1815
1339 1816
579 1817
70 1818
1784 1819
300 1820
780 1821
745 1822
1583 1823
1606 1824
843 1825
1740 1826
605 1827
761 1828
923 1829
1248 1830
275 1831
678 1832
482 1833
1707 1834
539 1835
990 1836
1317 1837
215 1838
780 1839
372 1840
1824 1841
1244 1842
653 1843
1579 1844
519 1845
805 1846
263 1847
290 1848
67 1849
947 1850
1046 1851
389 1852
1330 1853
1080 1854
1068 1855
1623 1856
509 1857
283 1858
1704 1859
1118 1860
740 1861
879 1862
441 1863
872 1864
10 1865
364 1866
750 1867
1115 1868
1415 1869
1398 1870
859 1871
255 1872
23 1873
383 1874
1709 1875
109 1876
104 1877
132 1878
1376 1879
1552 1880
1383 1881
1864 1882
841 1883
1396 1884
607 1885
19 1886
609 1887
702 1888
1175 1889
1105 1890
1174 1891
263 1892
1503 1893
780 1894
441 1895
1122 1896
1063 1897
493 1898
1612 1899
1141 1900
634 1901
1145 1902
540 1903
1188 1904
940 1905
214 1906
979 1907
1068 1908
1792 1909
1795 1910
1776 1911
783 1912
1336 1913
1333 1914
139 1915
1769 1916
1219 1917
1017 1918
586 1919
1505 1920
1403 1921
672 1922
214 1923
26 1924
459 1925
542 1926
1912 1927
952 1928
1456 1929
795 1930
685 1931
123 1932
75 1933
1676 1934
26 1935
85 1936
656 1937
1732 1938
1653 1939
1541 1940
397 1941
768 1942
348 1943
1900 1944
1447 1945
1305 1946
1312 1947
309 1948
426 1949
829 1950
939 1951
642 1952
208 1953
513 1954
647 1955
361 1956
1249 1957
1187 1958
646 1959
637 1960
665 1961
688 1962
469 1963
1357 1964
1535 1965
1726 1966
904 1967
583 1968
1913 1969
229 1970
1426 1971
175 1972
1908 1973
878 1974
1740 1975
707 1976
1623 1977
118 1978
114 1979
619 1980
713 1981
118 1982
1526 1983
1126 1984
1357 1985
517 1986
614 1987
775 1988
784 1989
1131 1990
505 1991
1054 1992
1150 1993
1534 1994
1325 1995
787 1996
486 1997
438 1998
1085 1999
1422 2000
171 2001
728 2002
593 2003
174 2004
1224 2005
301 2006
1906 2007
616 2008
343 2009
334 2010
987 2011
311 2012
808 2013
968 2014
1707 2015
849 2016
1897 2017
832 2018
818 2019
424 2020
750 2021
987 2022
1010 2023
720 2024
1601 2025
1375 2026
271 2027
1382 2028
1668 2029
771 2030
1555 2031
1038 2032
1139 2033
295 2034
861 2035
2031 2036
1385 2037
214 2038
1065 2039
1910 2040
442 2041
1521 2042
1895 2043
397 2044
783 2045
1775 2046
1005 2047
368 2048
1654 2049
269 2050
1011 2051
325 2052
725 2053
1489 2054
466 2055
948 2056
648 2057
1033 2058
859 2059
1209 2060
610 2061
147 2062
95 2063
1706 2064
2003 2065
1568 2066
1960 2067
1820 2068
1248 2069
732 2070
935 2071
58 2072
1130 2073
1319 2074
1582 2075
1730 2076
1063 2077
1568 2078
1243 2079
74 2080
402 2081
1577 2082
186 2083
1521 2084
1378 2085
377 2086
947 2087
1409 2088
1969 2089
896 2090
1072 2091
101 2092
430 2093
314 2094
504 2095
1863 2096
1070 2097
1407 2098
1925 2099
691 2100
1259 2101
2092 2102
291 2103
80 2104
1514 2105
94 2106
1099 2107
2001 2108
1010 2109
1565 2110
1417 2111
673 2112
778 2113
1316 2114
2093 2115
1092 2116
327 2117
150 2118
336 2119
385 2120
1412 2121
2026 2122
198 2123
696 2124
1951 2125
1607 2126
283 2127
1417 2128
591 2129
596 2130
1580 2131
1784 2132
1418 2133
297 2134
206 2135
1020 2136
524 2137
1068 2138
192 2139
1067 2140
165 2141
1559 2142
861 2143
367 2144
252 2145
378 2146
779 2147
1407 2148
222 2149
1064 2150
792 2151
42 2152
556 2153
795 2154
198 2155
1392 2156
1990 2157
1011 2158
1106 2159
20 2160
1894 2161
431 2162
1769 2163
2021 2164
986 2165
1158 2166
415 2167
1258 2168
520 2169
1559 2170
317 2171
1462 2172
909 2173
146 2174
2101 2175
792 2176
406 2177
827 2178
1396 2179
1500 2180
2080 2181
1090 2182
774 2183
1238 2184
406 2185
589 2186
742 2187
1788 2188
150 2189
1763 2190
73 2191
460 2192
1481 2193
100 2194
1454 2195
1900 2196
1638 2197
398 2198
1480 2199
1717 2200
750 2201
354 2202
1292 2203
2164 2204
184 2205
29 2206
1381 2207
287 2208
374 2209
37 2210
983 2211
969 2212
954 2213
1470 2214
1341 2215
2089 2216
679 2217
694 2218
1364 2219
697 2220
1355 2221
1170 2222
1539 2223
1924 2224
496 2225
775 2226
2055 2227
2208 2228
1789 2229
1900 2230
123 2231
386 2232
1313 2233
2205 2234
1318 2235
232 2236
1209 2237
914 2238
877 2239
1034 2240
1111 2241
678 2242
1484 2243
798 2244
2106 2245
249 2246
1392 2247
305 2248
1114 2249
1627 2250
2107 2251
1702 2252
1536 2253
2218 2254
1627 2255
721 2256
645 2257
52 2258
456 2259
1314 2260
481 2261
781 2262
745 2263
1277 2264
2114 2265
2039 2266
393 2267
218 2268
1079 2269
1118 2270
820 2271
1307 2272
1464 2273
1104 2274
2114 2275
717 2276
554 2277
357 2278
914 2279
2072 2280
336 2281
612 2282
1479 2283
1139 2284
1629 2285
1585 2286
2256 2287
567 2288
45 2289
1687 2290
1755 2291
1509 2292
511 2293
2002 2294
930 2295
602 2296
185 2297
160 2298
2218 2299
395 2300
365 2301
918 2302
2154 2303
918 2304
1110 2305
251 2306
2144 2307
1608 2308
1656 2309
2097 2310
1132 2311
483 2312
1033 2313
2240 2314
1790 2315
1040 2316
700 2317
1154 2318
1741 2319
537 2320
176 2321
144 2322
2110 2323
1197 2324
2059 2325
1966 2326
2147 2327
2212 2328
2090 2329
838 2330
709 2331
1102 2332
1413 2333
293 2334
684 2335
1089 2336
1856 2337
1219 2338
232 2339
1430 2340
277 2341
1762 2342
41 2343
1622 2344
1497 2345
2049 2346
716 2347
718 2348
1496 2349
420 2350
1812 2351
2349 2352
1536 2353
2077 2354
15 2355
374 2356
1088 2357
2203 2358
1840 2359
265 2360
758 2361
1608 2362
250 2363
1075 2364
1992 2365
1775 2366
1119 2367
1374 2368
1563 2369
1689 2370
900 2371
2212 2372
1595 2373
2173 2374
2268 2375
269 2376
784 2377
234 2378
761 2379
2292 2380
483 2381
1824 2382
226 2383
1669 2384
1159 2385
802 2386
2224 2387
49 2388
1612 2389
980 2390
386 2391
211 2392
1271 2393
1998 2394
2287 2395
1215 2396
856 2397
1940 2398
79 2399
1874 2400
894 2401
763 2402
345 2403
1529 2404
155 2405
2215 2406
471 2407
2123 2408
589 2409
1533 2410
237 2411
502 2412
1730 2413
1044 2414
803 2415
1318 2416
1425 2417
800 2418
858 2419
376 2420
1440 2421
291 2422
764 2423
2062 2424
2269 2425
873 2426
1055 2427
505 2428
1301 2429
1337 2430
731 2431
1793 2432
173 2433
1452 2434
82 2435
81 2436
1296 2437
2251 2438
1587 2439
1709 2440
74 2441
1052 2442
1942 2443
596 2444
548 2445
1043 2446
422 2447
420 2448
1130 2449
1995 2450
316 2451
2382 2452
1065 2453
1273 2454
2172 2455
1000 2456
1298 2457
1520 2458
113 2459
2017 2460
1552 2461
1399 2462
695 2463
495 2464
1976 2465
636 2466
1480 2467
36 2468
333 2469
1334 2470
1634 2471
1591 2472
962 2473
1575 2474
2074 2475
91 2476
418 2477
2358 2478
1581 2479
690 2480
2283 2481
12 2482
1893 2483
1416 2484
1269 2485
508 2486
2288 2487
2067 2488
504 2489
1319 2490
1259 2491
1871 2492
125 2493
1620 2494
1493 2495
991 2496
2398 2497
1924 2498
594 2499
939 2500
1784 2501
2031 2502
405 2503
2269 2504
1401 2505
95 2506
1252 2507
1718 2508
1992 2509
2184 2510
173 2511
1302 2512
2380 2513
840 2514
1986 2515
1500 2516
1585 2517
67 2518
2230 2519
989 2520
2426 2521
1700 2522
683 2523
2336 2524
1786 2525
2120 2526
2481 2527
87 2528
727 2529
1538 2530
629 2531
1948 2532
611 2533
2017 2534
1982 2535
1387 2536
1331 2537
1237 2538
1473 2539
1577 2540
2466 2541
1861 2542
2432 2543
994 2544
1545 2545
1927 2546
735 2547
2265 2548
780 2549
1349 2550
817 2551
1112 2552
1384 2553
2121 2554
1188 2555
1879 2556
44 2557
2026 2558
2201 2559
1369 2560
1179 2561
694 2562
152 2563
1994 2564
590 2565
1008 2566
2465 2567
2124 2568
146 2569
281 2570
2080 2571
557 2572
1173 2573
422 2574
523 2575
1419 2576
2226 2577
1640 2578
1644 2579
267 2580
1264 2581
1305 2582
2452 2583
1496 2584
1201 2585
2354 2586
1971 2587
1528 2588
989 2589
2543 2590
957 2591
2281 2592
2248 2593
2486 2594
2174 2595
2558 2596
417 2597
101 2598
684 2599
2077 2600
1447 2601
1383 2602
690 2603
2317 2604
2014 2605
2429 2606
1957 2607
1477 2608
174 2609
862 2610
987 2611
443 2612
664 2613
1356 2614
787 2615
675 2616
2575 2617
1163 2618
513 2619
1984 2620
1734 2621
1720 2622
2524 2623
1293 2624
361 2625
99 2626
1270 2627
1274 2628
2075 2629
918 2630
1366 2631
1298 2632
141 2633
1130 2634
1015 2635
1521 2636
1558 2637
2049 2638
11 2639
867 2640
681 2641
157 2642
2257 2643
2028 2644
587 2645
969 2646
695 2647
2059 2648
1508 2649
872 2650
275 2651
1633 2652
2458 2653
1901 2654
1985 2655
903 2656
395 2657
2257 2658
1935 2659
417 2660
1804 2661
172 2662
2261 2663
2135 2664
453 2665
1877 2666
2359 2667
485 2668
2611 2669
1873 2670
1834 2671
570 2672
1205 2673
1169 2674
2221 2675
882 2676
1626 2677
137 2678
836 2679
93 2680
202 2681
884 2682
2629 2683
2345 2684
1666 2685
1485 2686
66 2687
2076 2688
1460 2689
9 2690
2103 2691
735 2692
1988 2693
1327 2694
1832 2695
1623 2696
1254 2697
868 2698
2141 2699
2402 2700
1000 2701
1818 2702
1642 2703
1902 2704
2544 2705
2192 2706
1091 2707
389 2708
23 2709
2173 2710
1820 2711
2693 2712
1298 2713
100 2714
1337 2715
1972 2716
1984 2717
206 2718
2480 2719
2352 2720
1565 2721
2185 2722
2304 2723
24 2724
2552 2725
2002 2726
1774 2727
2039 2728
2635 2729
2229 2730
2002 2731
1727 2732
1659 2733
957 2734
1034 2735
1091 2736
2730 2737
1180 2738
250 2739
1766 2740
915 2741
1836 2742
2486 2743
2007 2744
1211 2745
2502 2746
1253 2747
400 2748
1733 2749
1724 2750
2542 2751
487 2752
788 2753
100 2754
232 2755
169 2756
1061 2757
1639 2758
2391 2759
2115 2760
2580 2761
288 2762
27 2763
224 2764
978 2765
784 2766
1882 2767
141 2768
1395 2769
2083 2770
500 2771
2164 2772
1059 2773
2571 2774
1321 2775
1078 2776
51 2777
2615 2778
1622 2779
1683 2780
1466 2781
2404 2782
1272 2783
2372 2784
871 2785
944 2786
513 2787
545 2788
589 2789
1243 2790
2519 2791
2287 2792
2234 2793
18 2794
1609 2795
1502 2796
1505 2797
442 2798
2530 2799
1823 2800
1873 2801
495 2802
1413 2803
1811 2804
1332 2805
1403 2806
2100 2807
135 2808
946 2809
412 2810
1793 2811
1529 2812
597 2813
2548 2814
154 2815
1997 2816
1524 2817
1662 2818
155 2819
1749 2820
1075 2821
2406 2822
1434 2823
2519 2824
304 2825
2715 2826
2287 2827
552 2828
1990 2829
939 2830
2776 2831
2270 2832
2367 2833
811 2834
1278 2835
2383 2836
1898 2837
2767 2838
1265 2839
558 2840
2062 2841
667 2842
680 2843
2656 2844
915 2845
1448 2846
379 2847
1572 2848
700 2849
1520 2850
1783 2851
1179 2852
2770 2853
1669 2854
36 2855
422 2856
1770 2857
1092 2858
318 2859
2206 2860
890 2861
1358 2862
2417 2863
782 2864
377 2865
204 2866
1223 2867
537 2868
517 2869
92 2870
1594 2871
1799 2872
1577 2873
545 2874
889 2875
1650 2876
208 2877
989 2878
2622 2879
1582 2880
1727 2881
600 2882
146 2883
1953 2884
1160 2885
1399 2886
1731 2887
2193 2888
2859 2889
1733 2890
1684 2891
1312 2892
2602 2893
1216 2894
1976 2895
1091 2896
280 2897
2710 2898
687 2899
2864 2900
16 2901
2480 2902
2248 2903
1261 2904
313 2905
2870 2906
2840 2907
2214 2908
1084 2909
1546 2910
958 2911
2894 2912
324 2913
2668 2914
1664 2915
383 2916
22 2917
1913 2918
2818 2919
1476 2920
845 2921
559 2922
1096 2923
355 2924
2465 2925
34 2926
455 2927
1472 2928
575 2929
706 2930
2728 2931
2329 2932
2342 2933
1008 2934
1733 2935
2110 2936
1778 2937
1206 2938
1816 2939
1556 2940
1275 2941
1894 2942
2108 2943
1258 2944
508 2945
717 2946
463 2947
1487 2948
2162 2949
1942 2950
688 2951
2387 2952
918 2953
54 2954
115 2955
1654 2956
2479 2957
192 2958
7 2959
987 2960
2883 2961
0 2962
1740 2963
686 2964
1244 2965
2428 2966
1554 2967
1756 2968
2616 2969
1055 2970
1497 2971
2641 2972
2530 2973
1300 2974
445 2975
1924 2976
472 2977
985 2978
71 2979
1043 2980
985 2981
471 2982
1157 2983
2265 2984
1234 2985
850 2986
2840 2987
2565 2988
328 2989
1255 2990
514 2991
374 2992
621 2993
2179 2994
2046 2995
1173 2996
2 2997
2094 2998
1902 2999
1092 3000
2951 3001
2151 3002
277 3003
404 3004
973 3005
199 3006
1856 3007
865 3008
1460 3009
47 3010
2501 3011
2554 3012
1556 3013
923 3014
1758 3015
804 3016
2886 3017
199 3018
1055 3019
2741 3020
696 3021
2550 3022
409 3023
1926 3024
2514 3025
1395 3026
1694 3027
1862 3028
1638 3029
2225 3030
945 3031
849 3032
2870 3033
2486 3034
1221 3035
1781 3036
2860 3037
964 3038
1665 3039
164 3040
1565 3041
1446 3042
1209 3043
1772 3044
1045 3045
2204 3046
1438 3047
134 3048
1863 3049
1673 3050
2379 3051
1416 3052
1651 3053
260 3054
1284 3055
1054 3056
1530 3057
1963 3058
1599 3059
535 3060
720 3061
2127 3062
280 3063
3009 3064
2143 3065
328 3066
9 3067
1644 3068
2181 3069
597 3070
1990 3071
1523 3072
2081 3073
2100 3074
1256 3075
1806 3076
2090 3077
1359 3078
681 3079
756 3080
2397 3081
1684 3082
2140 3083
1845 3084
2757 3085
2645 3086
2144 3087
532 3088
1599 3089
2861 3090
1585 3091
2270 3092
2398 3093
202 3094
468 3095
2710 3096
1317 3097
2509 3098
2624 3099
2446 3100
1466 3101
2075 3102
1313 3103
2224 3104
1948 3105
2520 3106
1393 3107
2963 3108
2934 3109
1160 3110
2857 3111
2801 3112
10 3113
2232 3114
810 3115
3105 3116
3045 3117
665 3118
1189 3119
442 3120
2288 3121
763 3122
83 3123
1850 3124
26 3125
2447 3126
2848 3127
957 3128
795 3129
19 3130
1173 3131
318 3132
2969 3133
2976 3134
1609 3135
2368 3136
407 3137
37 3138
816 3139
79 3140
1366 3141
2684 3142
2705 3143
1163 3144
1607 3145
2005 3146
1802 3147
174 3148
142 3149
181 3150
2669 3151
1061 3152
1588 3153
483 3154
950 3155
411 3156
2428 3157
1771 3158
1750 3159
2834 3160
333 3161
1018 3162
1934 3163
1840 3164
757 3165
3009 3166
1276 3167
231 3168
2200 3169
2531 3170
934 3171
2751 3172
2915 3173
1551 3174
2152 3175
2796 3176
1363 3177
989 3178
2972 3179
831 3180
2150 3181
604 3182
2946 3183
1864 3184
2612 3185
3173 3186
365 3187
1618 3188
1072 3189
2967 3190
1099 3191
2528 3192
2781 3193
1518 3194
1062 3195
481 3196
2080 3197
558 3198
2592 3199
2537 3200
2350 3201
666 3202
70 3203
2817 3204
1974 3205
310 3206
2699 3207
417 3208
1033 3209
1870 3210
3198 3211
2888 3212
3166 3213
2979 3214
1814 3215
1881 3216
313 3217
1993 3218
1556 3219
3186 3220
399 3221
414 3222
2954 3223
373 3224
2559 3225
1745 3226
2296 3227
3164 3228
3128 3229
1510 3230
570 3231
649 3232
876 3233
1162 3234
1138 3235
2875 3236
2320 3237
1225 3238
1360 3239
2133 3240
1467 3241
2290 3242
2408 3243
761 3244
1436 3245
1443 3246
1930 3247
170 3248
802 3249
1567 3250
3134 3251
687 3252
2603 3253
1303 3254
1098 3255
1411 3256
990 3257
1465 3258
3006 3259
833 3260
1279 3261
2851 3262
945 3263
1676 3264
1208 3265
1879 3266
627 3267
3001 3268
1725 3269
3163 3270
279 3271
2126 3272
2106 3273
1040 3274
2582 3275
331 3276
2595 3277
1114 3278
3184 3279
1472 3280
1209 3281
1157 3282
1432 3283
1921 3284
316 3285
1771 3286
1619 3287
1439 3288
2936 3289
1058 3290
1186 3291
2048 3292
1036 3293
566 3294
594 3295
534 3296
2905 3297
1049 3298
772 3299
2741 3300
2255 3301
2358 3302
559 3303
934 3304
1225 3305
3304 3306
316 3307
221 3308
2541 3309
3156 3310
2617 3311
2383 3312
839 3313
1529 3314
1395 3315
1637 3316
970 3317
980 3318
2923 3319
1805 3320
2562 3321
2347 3322
777 3323
2306 3324
699 3325
2541 3326
3175 3327
715 3328
3254 3329
490 3330
837 3331
2885 3332
1918 3333
1657 3334
2522 3335
2002 3336
2150 3337
1659 3338
2102 3339
279 3340
4 3341
1622 3342
3064 3343
539 3344
1930 3345
633 3346
3007 3347
3346 3348
489 3349
1585 3350
1167 3351
2504 3352
3224 3353
2350 3354
39 3355
3146 3356
2851 3357
1367 3358
357 3359
687 3360
2208 3361
2661 3362
403 3363
224 3364
3078 3365
3011 3366
2670 3367
1118 3368
420 3369
2647 3370
2629 3371
2626 3372
153 3373
1281 3374
2101 3375
535 3376
2569 3377
2573 3378
1218 3379
1305 3380
953 3381
2116 3382
1204 3383
645 3384
619 3385
1310 3386
1044 3387
3032 3388
3202 3389
2397 3390
1655 3391
261 3392
2875 3393
1141 3394
1565 3395
1243 3396
466 3397
3151 3398
2446 3399
334 3400
2705 3401
373 3402
459 3403
697 3404
1235 3405
1014 3406
609 3407
3289 3408
1020 3409
1132 3410
3164 3411
1948 3412
752 3413
614 3414
2634 3415
1400 3416
2477 3417
1370 3418
56 3419
3157 3420
213 3421
1386 3422
2026 3423
50 3424
2445 3425
1020 3426
1405 3427
3165 3428
1660 3429
2508 3430
1259 3431
2149 3432
2461 3433
3163 3434
1956 3435
776 3436
1598 3437
1691 3438
2051 3439
1123 3440
2729 3441
322 3442
579 3443
2997 3444
2626 3445
1307 3446
2695 3447
1933 3448
140 3449
386 3450
1375 3451
2352 3452
1437 3453
2875 3454
2382 3455
1434 3456
1951 3457
1429 3458
3411 3459
2102 3460
1861 3461
1307 3462
328 3463
2064 3464
1376 3465
2901 3466
782 3467
116 3468
1283 3469
3051 3470
2428 3471
2745 3472
3425 3473
408 3474
2635 3475
1131 3476
589 3477
492 3478
1252 3479
392 3480
254 3481
1865 3482
2413 3483
849 3484
2881 3485
1635 3486
2962 3487
1601 3488
302 3489
808 3490
3021 3491
154 3492
2152 3493
967 3494
1746 3495
2203 3496
2019 3497
1329 3498
1798 3499
2731 3500
1451 3501
2879 3502
748 3503
2817 3504
2502 3505
2822 3506
2508 3507
1783 3508
2880 3509
3319 3510
207 3511
1244 3512
2101 3513
3324 3514
2855 3515
1600 3516
1494 3517
2199 3518
1127 3519
682 3520
503 3521
987 3522
2632 3523
1262 3524
134 3525
3439 3526
2503 3527
74 3528
1528 3529
2024 3530
3429 3531
3143 3532
2244 3533
1730 3534
2007 3535
589 3536
3529 3537
1941 3538
327 3539
215 3540
224 3541
3013 3542
292 3543
3430 3544
678 3545
2801 3546
1434 3547
938 3548
462 3549
769 3550
2788 3551
1818 3552
2568 3553
1547 3554
391 3555
1564 3556
621 3557
2502 3558
3545 3559
3393 3560
827 3561
61 3562
2606 3563
216 3564
412 3565
1104 3566
77 3567
1794 3568
3092 3569
399 3570
1009 3571
1041 3572
1131 3573
2518 3574
2932 3575
1594 3576
3368 3577
2820 3578
1748 3579
3354 3580
928 3581
407 3582
720 3583
3413 3584
103 3585
2448 3586
481 3587
1435 3588
209 3589
2285 3590
1868 3591
1843 3592
2107 3593
2150 3594
1797 3595
1736 3596
1460 3597
2011 3598
166 3599
2292 3600
1795 3601
1384 3602
3149 3603
2561 3604
2511 3605
345 3606
97 3607
3532 3608
145 3609
1047 3610
1281 3611
1452 3612
89 3613
2020 3614
1805 3615
799 3616
3546 3617
2467 3618
2765 3619
620 3620
593 3621
1723 3622
2707 3623
3261 3624
1486 3625
2613 3626
2290 3627
3209 3628
2268 3629
1188 3630
2281 3631
1511 3632
3571 3633
3248 3634
1782 3635
2397 3636
1488 3637
2041 3638
2080 3639
1767 3640
5 3641
2994 3642
2956 3643
80 3644
760 3645
746 3646
3460 3647
1788 3648
998 3649
2982 3650
403 3651
1109 3652
225 3653
1338 3654
935 3655
3627 3656
937 3657
1416 3658
3143 3659
2626 3660
2375 3661
2879 3662
2515 3663
382 3664
2596 3665
1092 3666
3242 3667
631 3668
2400 3669
189 3670
3389 3671
1633 3672
47 3673
3417 3674
2305 3675
1379 3676
624 3677
1067 3678
1928 3679
2511 3680
3155 3681
3297 3682
1340 3683
1269 3684
2979 3685
1519 3686
1596 3687
873 3688
985 3689
1827 3690
1676 3691
3368 3692
2491 3693
3676 3694
1710 3695
719 3696
652 3697
1915 3698
1476 3699
1958 3700
2921 3701
2744 3702
2867 3703
108 3704
2671 3705
6 3706
1778 3707
1180 3708
915 3709
1652 3710
3017 3711
2173 3712
106 3713
1976 3714
457 3715
1504 3716
1725 3717
620 3718
3411 3719
1250 3720
475 3721
3315 3722
1360 3723
1617 3724
646 3725
3089 3726
692 3727
1580 3728
265 3729
1343 3730
1558 3731
911 3732
2114 3733
1851 3734
472 3735
3485 3736
165 3737
666 3738
328 3739
2056 3740
607 3741
3571 3742
951 3743
2506 3744
371 3745
2383 3746
2698 3747
942 3748
1008 3749
1497 3750
64 3751
3331 3752
2227 3753
2235 3754
1144 3755
1271 3756
1462 3757
768 3758
1311 3759
521 3760
909 3761
2936 3762
2682 3763
3360 3764
3621 3765
2497 3766
1577 3767
1367 3768
1630 3769
3602 3770
2344 3771
405 3772
2409 3773
2817 3774
2507 3775
2938 3776
1108 3777
2480 3778
3319 3779
2960 3780
1032 3781
2617 3782
3070 3783
2840 3784
1598 3785
2109 3786
1239 3787
462 3788
1621 3789
104 3790
1433 3791
156 3792
210 3793
2821 3794
1070 3795
1883 3796
203 3797
957 3798
402 3799
2048 3800
3234 3801
2324 3802
3622 3803
2309 3804
1337 3805
1833 3806
2323 3807
1200 3808
1327 3809
3047 3810
3730 3811
2641 3812
2151 3813
922 3814
2501 3815
381 3816
1828 3817
840 3818
2885 3819
3764 3820
3698 3821
3575 3822
1831 3823
487 3824
2716 3825
1813 3826
3029 3827
703 3828
518 3829
60 3830
2022 3831
1666 3832
829 3833
803 3834
1648 3835
495 3836
2701 3837
672 3838
495 3839
2194 3840
2675 3841
1268 3842
1201 3843
3518 3844
392 3845
180 3846
446 3847
2382 3848
3572 3849
1866 3850
2020 3851
3299 3852
1001 3853
3617 3854
1304 3855
928 3856
1550 3857
3302 3858
3200 3859
461 3860
543 3861
1218 3862
3200 3863
442 3864
3416 3865
1237 3866
2734 3867
3448 3868
600 3869
3811 3870
969 3871
3458 3872
2262 3873
2244 3874
3586 3875
1649 3876
3207 3877
740 3878
2235 3879
2422 3880
3442 3881
372 3882
1827 3883
2746 3884
1455 3885
3221 3886
1167 3887
296 3888
1886 3889
658 3890
2429 3891
1440 3892
3662 3893
156 3894
3649 3895
1868 3896
2733 3897
407 3898
2867 3899
1847 3900
1084 3901
2589 3902
3354 3903
2277 3904
1596 3905
2103 3906
700 3907
3400 3908
3904 3909
2103 3910
3288 3911
3186 3912
2469 3913
1630 3914
170 3915
1722 3916
3764 3917
216 3918
3555 3919
1382 3920
2227 3921
1485 3922
1090 3923
1112 3924
1047 3925
2446 3926
2131 3927
1683 3928
3754 3929
2923 3930
949 3931
3520 3932
3347 3933
553 3934
696 3935
926 3936
3764 3937
1806 3938
1801 3939
2991 3940
3604 3941
2010 3942
99 3943
2230 3944
198 3945
3229 3946
2538 3947
3345 3948
2231 3949
3711 3950
590 3951
1709 3952
1383 3953
3208 3954
3054 3955
3225 3956
3724 3957
385 3958
1897 3959
1044 3960
729 3961
512 3962
408 3963
3807 3964
2893 3965
1974 3966
1546 3967
3603 3968
2448 3969
3735 3970
2229 3971
1264 3972
3154 3973
1404 3974
3763 3975
3022 3976
3349 3977
3687 3978
1368 3979
1253 3980
3974 3981
680 3982
2395 3983
2992 3984
3758 3985
2983 3986
1313 3987
3508 3988
1454 3989
1239 3990
3969 3991
1676 3992
2026 3993
3736 3994
1731 3995
1565 3996
1097 3997
1667 3998
256 3999
1286 4000
2324 4001
2029 4002
100 4003
1313 4004
1692 4005
1194 4006
662 4007
1365 4008
322 4009
960 4010
2627 4011
3669 4012
1089 4013
684 4014
972 4015
516 4016
1773 4017
2544 4018
2152 4019
3584 4020
2203 4021
545 4022
2716 4023
2236 4024
3175 4025
1619 4026
906 4027
1160 4028
3934 4029
351 4030
1325 4031
2940 4032
1563 4033
1114 4034
74 4035
1165 4036
3364 4037
125 4038
1079 4039
729 4040
130 4041
1512 4042
1913 4043
662 4044
3836 4045
3172 4046
195 4047
1613 4048
1116 4049
654 4050
1859 4051
373 4052
3153 4053
2657 4054
2885 4055
667 4056
2894 4057
1531 4058
1176 4059
751 4060
2750 4061
2399 4062
3778 4063
824 4064
3316 4065
3639 4066
885 4067
2048 4068
2311 4069
904 4070
778 4071
1068 4072
1245 4073
3531 4074
610 4075
3655 4076
2366 4077
1615 4078
462 4079
319 4080
199 4081
2885 4082
1011 4083
2656 4084
1833 4085
535 4086
2422 4087
2908 4088
4082 4089
2576 4090
246 4091
547 4092
2750 4093
2680 4094
3685 4095
1388 4096
3436 4097
1881 4098
2874 4099
1319 4100
661 4101
212 4102
721 4103
3331 4104
2227 4105
2741 4106
1303 4107
3484 4108
2198 4109
3746 4110
2752 4111
1197 4112
1234 4113
4050 4114
1981 4115
2839 4116
1644 4117
500 4118
243 4119
706 4120
4005 4121
1312 4122
973 4123
138 4124
1603 4125
1523 4126
2314 4127
3766 4128
1115 4129
302 4130
811 4131
3969 4132
3207 4133
3693 4134
3091 4135
3673 4136
2404 4137
1252 4138
259 4139
2377 4140
903 4141
500 4142
103 4143
1484 4144
3362 4145
3193 4146
3568 4147
2632 4148
1136 4149
1833 4150
1653 4151
2530 4152
1447 4153
477 4154
2369 4155
803 4156
1569 4157
116 4158
3299 4159
2431 4160
997 4161
2724 4162
4065 4163
3882 4164
458 4165
1002 4166
2147 4167
3908 4168
2 4169
1002 4170
886 4171
3335 4172
3819 4173
301 4174
2148 4175
3568 4176
3886 4177
3600 4178
2758 4179
3667 4180
56 4181
571 4182
3429 4183
856 4184
826 4185
3341 4186
1673 4187
1050 4188
3174 4189
3054 4190
1947 4191
639 4192
765 4193
4067 4194
4013 4195
1391 4196
1023 4197
909 4198
1512 4199
2838 4200
145 4201
2641 4202
3640 4203
1277 4204
3966 4205
4101 4206
1946 4207
3885 4208
3889 4209
93 4210
4154 4211
546 4212
1894 4213
2173 4214
1391 4215
2447 4216
1418 4217
766 4218
2328 4219
3916 4220
2957 4221
4097 4222
1329 4223
2266 4224
608 4225
1640 4226
20 4227
2750 4228
4018 4229
3207 4230
1206 4231
3356 4232
734 4233
1341 4234
1488 4235
503 4236
2705 4237
2920 4238
1978 4239
2598 4240
1779 4241
2454 4242
3040 4243
3267 4244
3739 4245
744 4246
2239 4247
2356 4248
1794 4249
1446 4250
3447 4251
1023 4252
0 4253
1376 4254
872 4255
2003 4256
2083 4257
1842 4258
3966 4259
341 4260
1592 4261
1656 4262
435 4263
1978 4264
1761 4265
762 4266
1781 4267
1889 4268
126 4269
3368 4270
49 4271
3441 4272
2075 4273
3211 4274
4049 4275
2613 4276
2836 4277
4253 4278
1002 4279
820 4280
463 4281
2548 4282
2658 4283
3550 4284
3561 4285
1359 4286
122 4287
2927 4288
452 4289
3108 4290
4081 4291
424 4292
2690 4293
953 4294
1856 4295
259 4296
3493 4297
1559 4298
1747 4299
616 4300
1295 4301
78 4302
550 4303
2224 4304
415 4305
3214 4306
1199 4307
3665 4308
3496 4309
2000 4310
2560 4311
2096 4312
3284 4313
3922 4314
136 4315
2894 4316
1997 4317
1779 4318
3848 4319
306 4320
2360 4321
2867 4322
1740 4323
1005 4324
2126 4325
2711 4326
2856 4327
4004 4328
2138 4329
2246 4330
32 4331
115 4332
4256 4333
4001 4334
2937 4335
1336 4336
2411 4337
3805 4338
3266 4339
3378 4340
1377 4341
2437 4342
1006 4343
4055 4344
4207 4345
323 4346
3410 4347
2405 4348
23 4349
2545 4350
1713 4351
2336 4352
3950 4353
4237 4354
3527 4355
2654 4356
1882 4357
1783 4358
1936 4359
2233 4360
2976 4361
750 4362
1174 4363
223 4364
3504 4365
1330 4366
129 4367
2956 4368
1629 4369
1768 4370
3631 4371
2708 4372
172 4373
3157 4374
2034 4375
2724 4376
2059 4377
3947 4378
870 4379
878 4380
4368 4381
924 4382
386 4383
3325 4384
3489 4385
3182 4386
1383 4387
1718 4388
1011 4389
1946 4390
2658 4391
662 4392
953 4393
1137 4394
2483 4395
2562 4396
773 4397
3289 4398
236 4399
1234 4400
4166 4401
678 4402
142 4403
2207 4404
516 4405
753 4406
722 4407
4138 4408
697 4409
401 4410
1668 4411
813 4412
3708 4413
1221 4414
1654 4415
1868 4416
2822 4417
3228 4418
2128 4419
3398 4420
2626 4421
3815 4422
1742 4423
4023 4424
62 4425
220 4426
3145 4427
2782 4428
1048 4429
84 4430
3177 4431
2876 4432
3809 4433
3459 4434
120 4435
4188 4436
3250 4437
2058 4438
4063 4439
334 4440
4399 4441
1011 4442
359 4443
2966 4444
1533 4445
1437 4446
1123 4447
3154 4448
3610 4449
2754 4450
66 4451
2693 4452
2071 4453
2045 4454
59 4455
695 4456
4124 4457
4273 4458
2629 4459
4002 4460
2034 4461
506 4462
2226 4463
2031 4464
849 4465
3914 4466
3269 4467
4026 4468
1961 4469
1266 4470
3236 4471
820 4472
2854 4473
1322 4474
101 4475
3474 4476
1344 4477
1579 4478
2706 4479
2131 4480
2762 4481
2736 4482
224 4483
235 4484
2605 4485
1541 4486
367 4487
1468 4488
1920 4489
3189 4490
120 4491
2147 4492
2074 4493
1653 4494
985 4495
4127 4496
616 4497
15 4498
1791 4499
1813 4500
2834 4501
1258 4502
2633 4503
2183 4504
2483 4505
1075 4506
422 4507
3720 4508
685 4509
898 4510
3336 4511
3763 4512
2935 4513
2177 4514
454 4515
412 4516
1819 4517
258 4518
3273 4519
1968 4520
492 4521
457 4522
436 4523
332 4524
4250 4525
3560 4526
3040 4527
3759 4528
1301 4529
3177 4530
2106 4531
677 4532
805 4533
990 4534
2020 4535
1509 4536
3431 4537
4520 4538
3218 4539
217 4540
60 4541
1187 4542
2648 4543
2325 4544
690 4545
985 4546
4417 4547
4173 4548
2739 4549
2869 4550
3216 4551
383 4552
3170 4553
751 4554
2136 4555
2957 4556
1676 4557
1472 4558
92 4559
2725 4560
2920 4561
3176 4562
2554 4563
3823 4564
647 4565
1534 4566
3147 4567
3040 4568
3681 4569
951 4570
2067 4571
83 4572
238 4573
257 4574
2432 4575
4286 4576
1875 4577
2573 4578
1452 4579
4300 4580
4311 4581
53 4582
4038 4583
2183 4584
1480 4585
3069 4586
4556 4587
986 4588
2632 4589
2295 4590
3966 4591
51 4592
1045 4593
2689 4594
4442 4595
3850 4596
1669 4597
2929 4598
1602 4599
2253 4600
4475 4601
744 4602
2257 4603
4228 4604
819 4605
2839 4606
1861 4607
1650 4608
3268 4609
543 4610
2664 4611
408 4612
3810 4613
3185 4614
2154 4615
3250 4616
2601 4617
1439 4618
310 4619
1687 4620
1179 4621
1373 4622
478 4623
1038 4624
1945 4625
435 4626
3574 4627
2562 4628
2312 4629
215 4630
637 4631
4296 4632
3329 4633
687 4634
3620 4635
2024 4636
4625 4637
2728 4638
4546 4639
4341 4640
1401 4641
3129 4642
4030 4643
2550 4644
2526 4645
4400 4646
3110 4647
2405 4648
477 4649
3775 4650
1368 4651
2805 4652
3177 4653
3993 4654
1840 4655
841 4656
3525 4657
926 4658
4649 4659
412 4660
2013 4661
180 4662
1596 4663
2980 4664
3607 4665
3716 4666
780 4667
1921 4668
1232 4669
2283 4670
2108 4671
4043 4672
1467 4673
59 4674
4073 4675
3860 4676
688 4677
318 4678
1606 4679
2548 4680
2374 4681
3685 4682
3936 4683
267 4684
3015 4685
2996 4686
1223 4687
4522 4688
3538 4689
1950 4690
901 4691
387 4692
979 4693
1461 4694
1387 4695
2886 4696
3686 4697
4495 4698
4430 4699
4465 4700
2864 4701
3220 4702
3780 4703
3863 4704
2841 4705
241 4706
2426 4707
4021 4708
6 4709
4508 4710
4678 4711
4435 4712
525 4713
1969 4714
3225 4715
1054 4716
1847 4717
2749 4718
2178 4719
2387 4720
4030 4721
3547 4722
1539 4723
3403 4724
3327 4725
4329 4726
1091 4727
58 4728
1805 4729
1504 4730
1851 4731
2851 4732
280 4733
1582 4734
987 4735
2302 4736
739 4737
381 4738
2480 4739
1093 4740
2587 4741
1352 4742
270 4743
317 4744
1471 4745
2870 4746
720 4747
4709 4748
3096 4749
3575 4750
4204 4751
4713 4752
817 4753
3575 4754
2612 4755
1376 4756
1536 4757
3117 4758
3377 4759
3500 4760
4238 4761
1799 4762
995 4763
639 4764
2892 4765
2570 4766
1635 4767
676 4768
971 4769
2725 4770
3653 4771
640 4772
311 4773
3489 4774
3483 4775
912 4776
2561 4777
1233 4778
1490 4779
128 4780
4062 4781
2823 4782
4649 4783
2096 4784
474 4785
4026 4786
3653 4787
4779 4788
3347 4789
2154 4790
680 4791
536 4792
2098 4793
595 4794
2541 4795
3218 4796
4366 4797
2947 4798
4764 4799
813 4800
2146 4801
3289 4802
710 4803
291 4804
1668 4805
1543 4806
3163 4807
4014 4808
232 4809
2922 4810
3524 4811
655 4812
1518 4813
2630 4814
2096 4815
4235 4816
4018 4817
1680 4818
3244 4819
391 4820
2083 4821
2014 4822
383 4823
2801 4824
471 4825
900 4826
4200 4827
3871 4828
3020 4829
329 4830
982 4831
2268 4832
684 4833
3733 4834
2854 4835
4581 4836
1604 4837
785 4838
1461 4839
3483 4840
3469 4841
1272 4842
855 4843
1198 4844
3699 4845
4444 4846
3844 4847
1856 4848
2452 4849
2793 4850
1100 4851
1732 4852
3556 4853
4208 4854
1009 4855
1820 4856
4708 4857
3913 4858
4160 4859
538 4860
1683 4861
851 4862
1851 4863
4727 4864
3375 4865
1743 4866
301 4867
2847 4868
3024 4869
4466 4870
1292 4871
4269 4872
1188 4873
2787 4874
992 4875
1698 4876
4545 4877
3225 4878
3292 4879
1985 4880
378 4881
1397 4882
4579 4883
4698 4884
4161 4885
408 4886
2904 4887
3013 4888
2896 4889
4842 4890
3150 4891
4336 4892
1347 4893
2749 4894
1240 4895
192 4896
1996 4897
3693 4898
3700 4899
3535 4900
3775 4901
3073 4902
1768 4903
3422 4904
4066 4905
1960 4906
4140 4907
4694 4908
647 4909
4116 4910
2006 4911
4707 4912
3431 4913
1331 4914
2961 4915
3402 4916
4137 4917
829 4918
2284 4919
1136 4920
1016 4921
3358 4922
2488 4923
119 4924
319 4925
2728 4926
4674 4927
3451 4928
4815 4929
2952 4930
3662 4931
3179 4932
258 4933
203 4934
2863 4935
2468 4936
4879 4937
4291 4938
4629 4939
7 4940
268 4941
551 4942
3872 4943
3482 4944
4838 4945
4560 4946
2685 4947
2691 4948
3380 4949
3298 4950
3286 4951
2513 4952
2960 4953
1503 4954
2510 4955
657 4956
235 4957
3147 4958
679 4959
4366 4960
4797 4961
2590 4962
3591 4963
2043 4964
781 4965
2185 4966
2903 4967
3504 4968
4331 4969
413 4970
2742 4971
4275 4972
2261 4973
3281 4974
246 4975
1273 4976
1604 4977
2710 4978
1954 4979
734 4980
441 4981
2727 4982
861 4983
875 4984
4620 4985
4369 4986
231 4987
1850 4988
1104 4989
3619 4990
4640 4991
1243 4992
64 4993
864 4994
1735 4995
1941 4996
2980 4997
2998 4998
4175 4999
3729 5000
4456 5001
1310 5002
749 5003
4248 5004
4045 5005
4530 5006
2177 5007
4421 5008
2352 5009
4764 5010
1845 5011
4365 5012
1750 5013
4769 5014
2533 5015
2363 5016
1913 5017
786 5018
4034 5019
2684 5020
3830 5021
3167 5022
742 5023
1640 5024
2638 5025
456 5026
1075 5027
1831 5028
2111 5029
789 5030
1071 5031
874 5032
2329 5033
3736 5034
368 5035
394 5036
4134 5037
2665 5038
1358 5039
2658 5040
1604 5041
2646 5042
607 5043
2458 5044
1404 5045
1246 5046
3434 5047
973 5048
4453 5049
4701 5050
136 5051
413 5052
3697 5053
4535 5054
1370 5055
4983 5056
588 5057
529 5058
4076 5059
236 5060
4625 5061
371 5062
4234 5063
3974 5064
1076 5065
3077 5066
3429 5067
1131 5068
4298 5069
692 5070
1000 5071
4788 5072
3312 5073
90 5074
649 5075
1961 5076
145 5077
3244 5078
4337 5079
1533 5080
495 5081
1550 5082
3638 5083
544 5084
5006 5085
2699 5086
769 5087
1964 5088
1096 5089
1241 5090
1439 5091
332 5092
3234 5093
1211 5094
3499 5095
4634 5096
2107 5097
919 5098
4482 5099
2569 5100
4844 5101
1856 5102
3261 5103
1087 5104
1739 5105
2161 5106
1457 5107
1880 5108
1402 5109
4132 5110
1963 5111
2286 5112
1081 5113
2922 5114
5088 5115
2658 5116
1990 5117
998 5118
3824 5119
3117 5119