640
0 1
1 2
2 3
1 4
0 5
2 6
5 7
5 8
8 9
6 10
4 11
0 12
6 13
11 14
14 15
13 16
14 17
14 18
13 19
8 20
11 21
6 22
7 23
6 24
15 25
8 26
24 27
0 28
9 29
7 30
0 31
26 32
0 33
19 34
19 35
26 36
31 37
30 38
20 39
5 40
29 41
28 42
17 43
12 44
34 45
16 46
34 47
38 48
24 49
43 50
7 51
20 52
48 53
40 54
22 55
2 56
49 57
45 58
34 59
0 60
29 61
44 62
51 63
45 64
31 65
5 66
38 67
18 68
55 69
16 70
35 71
28 72
2 73
72 74
53 75
64 76
75 77
26 78
68 79
77 80
68 81
25 82
75 83
29 84
0 85
44 86
17 87
12 88
86 89
19 90
66 91
86 92
26 93
47 94
46 95
33 96
84 97
15 98
58 99
22 100
75 101
0 102
18 103
27 104
75 105
77 106
29 107
34 108
45 109
74 110
12 111
29 112
34 113
95 114
103 115
81 116
99 117
20 118
41 119
113 120
78 121
30 122
111 123
104 124
44 125
100 126
37 127
118 128
112 129
54 130
3 131
2 132
2 133
69 134
129 135
39 136
59 137
30 138
31 139
120 140
27 141
69 142
31 143
90 144
123 145
42 146
90 147
54 148
62 149
133 150
50 151
108 152
144 153
41 154
103 155
136 156
145 157
55 158
50 159
45 160
89 161
30 162
81 163
153 164
134 165
6 166
90 167
106 168
65 169
138 170
101 171
75 172
88 173
133 174
148 175
168 176
38 177
15 178
164 179
57 180
71 181
2 182
181 183
58 184
116 185
22 186
161 187
175 188
92 189
146 190
16 191
37 192
136 193
134 194
73 195
176 196
28 197
105 198
124 199
146 200
149 201
56 202
102 203
179 204
158 205
112 206
95 207
124 208
44 209
9 210
83 211
145 212
97 213
213 214
202 215
213 216
101 217
172 218
146 219
24 220
0 221
127 222
205 223
5 224
187 225
34 226
64 227
23 228
180 229
7 230
36 231
163 232
140 233
45 234
160 235
147 236
81 237
77 238
21 239
105 240
62 241
34 242
212 243
136 244
222 245
77 246
122 247
203 248
24 249
217 250
218 251
233 252
71 253
80 254
150 255
115 256
137 257
66 258
66 259
70 260
7 261
175 262
258 263
159 264
66 265
140 266
195 267
233 268
48 269
223 270
9 271
211 272
151 273
43 274
254 275
140 276
83 277
143 278
146 279
39 280
217 281
251 282
195 283
32 284
238 285
213 286
163 287
138 288
4 289
29 290
209 291
189 292
140 293
215 294
151 295
84 296
223 297
275 298
52 299
71 300
142 301
244 302
5 303
271 304
27 305
80 306
238 307
258 308
173 309
21 310
179 311
102 312
132 313
135 314
23 315
178 316
5 317
25 318
153 319
56 320
219 321
273 322
172 323
259 324
238 325
312 326
27 327
37 328
213 329
315 330
34 331
154 332
325 333
64 334
300 335
31 336
237 337
288 338
137 339
257 340
76 341
130 342
34 343
75 344
277 345
294 346
310 347
139 348
338 349
84 350
132 351
221 352
2 353
198 354
250 355
297 356
233 357
100 358
139 359
343 360
133 361
292 362
39 363
150 364
347 365
13 366
231 367
90 368
175 369
340 370
52 371
63 372
85 373
42 374
181 375
130 376
91 377
37 378
117 379
355 380
69 381
97 382
71 383
349 384
134 385
113 386
354 387
283 388
80 389
309 390
366 391
172 392
264 393
333 394
290 395
342 396
350 397
16 398
246 399
81 400
179 401
361 402
346 403
266 404
196 405
295 406
141 407
351 408
98 409
219 410
98 411
261 412
265 413
128 414
126 415
221 416
170 417
91 418
142 419
205 420
115 421
54 422
123 423
90 424
75 425
400 426
405 427
135 428
388 429
183 430
311 431
410 432
23 433
51 434
146 435
251 436
171 437
165 438
389 439
39 440
439 441
267 442
28 443
250 444
172 445
354 446
248 447
128 448
6 449
147 450
118 451
174 452
371 453
439 454
292 455
373 456
278 457
354 458
73 459
257 460
273 461
48 462
175 463
439 464
136 465
123 466
275 467
314 468
2 469
406 470
68 471
301 472
68 473
358 474
243 475
6 476
451 477
247 478
270 479
170 480
182 481
248 482
438 483
96 484
194 485
403 486
13 487
87 488
13 489
333 490
212 491
260 492
147 493
364 494
197 495
47 496
158 497
384 498
290 499
495 500
56 501
427 502
348 503
117 504
36 505
76 506
446 507
493 508
6 509
86 510
474 511
362 512
16 513
406 514
110 515
153 516
380 517
330 518
397 519
342 520
188 521
131 522
444 523
0 524
221 525
327 526
245 527
291 528
407 529
333 530
397 531
73 532
515 533
284 534
95 535
507 536
11 537
317 538
252 539
138 540
64 541
346 542
173 543
452 544
278 545
438 546
283 547
406 548
476 549
536 550
11 551
413 552
390 553
455 554
212 555
52 556
377 557
470 558
153 559
121 560
530 561
423 562
296 563
422 564
398 565
275 566
210 567
188 568
123 569
498 570
414 571
235 572
366 573
171 574
542 575
316 576
367 577
340 578
63 579
166 580
82 581
425 582
325 583
8 584
140 585
342 586
337 587
249 588
498 589
405 590
256 591
564 592
561 593
233 594
158 595
520 596
70 597
194 598
385 599
307 600
215 601
72 602
455 603
350 604
353 605
159 606
423 607
235 608
429 609
527 610
557 611
515 612
271 613
557 614
433 615
564 616
408 617
1 618
143 619
335 620
470 621
50 622
302 623
136 624
34 625
62 626
484 627
623 628
356 629
448 630
204 631
604 632
177 633
508 634
405 635
615 636
55 637
156 638
2 639
533 629